median
  iHFBZ    iSF    iTF   iIF2    iHF    iIF  iBFBZ  iTFBM iMVFBC   iMVF   iISF    iBF deg  interval
 0.0059 0.0356 0.0283 0.0608 0.0090 0.0505 0.1521 0.0334 0.0372 0.0260 0.0466 0.0762 4	[-0.300000, 0.200000]
 0.0106 0.0421 0.0581 0.0694 0.0158 0.0599 0.2039 0.0676 0.0441 0.0316 0.0541 0.1022 5	[-0.300000, 0.200000]
 0.0118 0.0478 0.0735 0.0777 0.0179 0.0683 0.2623 0.0857 0.0510 0.0365 0.0600 0.1318 6	[-0.300000, 0.200000]
 0.0128 0.0534 0.0907 0.0864 0.0195 0.0765 0.3237 0.1052 0.0573 0.0411 0.0672 0.1621 7	[-0.300000, 0.200000]
 0.0177 0.0798 0.1819 0.1212 0.0285 0.1110 0.6449 0.2016 0.0847 0.0611 0.0928 0.3214 11	[-0.300000, 0.200000]
 0.0247 0.1106 0.3338 0.1547 0.0392 0.1513 1.1922 0.3641 0.1173 0.0847 0.1222 0.5885 16	[-0.300000, 0.200000]
 0.0296 0.1414 0.5289 0.2039 0.0493 0.1960 1.8885 0.5686 0.1547 0.1076 0.1565 0.9465 21	[-0.300000, 0.200000]
 0.0351 0.1731 0.7748 0.2452 0.0602 0.2357 2.7313 0.8270 0.1858 0.1333 0.1875 1.3753 26	[-0.300000, 0.200000]
 0.0408 0.2063 1.0800 0.2899 0.0709 0.2769 3.7663 1.1137 0.2180 0.1582 0.2150 1.8839 31	[-0.300000, 0.200000]

 0.0111 0.0356 0.0491 0.0613 0.0138 0.0512 0.1533 0.0524 0.0378 0.0271 0.0481 0.0774 4	[-0.150000, 0.100000]
 0.0106 0.0401 0.0587 0.0697 0.0158 0.0605 0.2072 0.0693 0.0437 0.0318 0.0533 0.1046 5	[-0.150000, 0.100000]
 0.0118 0.0469 0.0750 0.0783 0.0173 0.0684 0.2637 0.0866 0.0509 0.0361 0.0606 0.1322 6	[-0.150000, 0.100000]
 0.0133 0.0545 0.0911 0.0870 0.0194 0.0771 0.3248 0.1052 0.0573 0.0412 0.0668 0.1645 7	[-0.150000, 0.100000]
 0.0179 0.0794 0.1788 0.1199 0.0282 0.1096 0.6374 0.2014 0.0831 0.0605 0.0914 0.3190 11	[-0.150000, 0.100000]
 0.0241 0.1116 0.3297 0.1605 0.0389 0.1520 1.1854 0.3593 0.1173 0.0851 0.1223 0.5997 16	[-0.150000, 0.100000]
 0.0306 0.1466 0.4021 0.2085 0.0335 0.1985 1.8463 0.3824 0.1556 0.1121 0.1598 0.9632 21	[-0.150000, 0.100000]
 0.0229 0.1777 0.7969 0.1678 0.0466 0.1611 2.6459 0.6606 0.1889 0.0903 0.1698 1.1127 26	[-0.150000, 0.100000]
 0.0424 0.1408 1.0949 0.2929 0.0722 0.1999 3.8313 1.0784 0.2225 0.1069 0.1469 1.8365 31	[-0.150000, 0.100000]

 0.0062 0.0346 0.0444 0.0408 0.0095 0.0343 0.1573 0.0528 0.0377 0.0274 0.0485 0.0522 4	[-0.100000, 0.100000]
 0.0112 0.0420 0.0600 0.0702 0.0104 0.0620 0.2148 0.0708 0.0459 0.0263 0.0362 0.1063 5	[-0.100000, 0.100000]
 0.0120 0.0483 0.0746 0.0800 0.0186 0.0700 0.2686 0.0849 0.0513 0.0378 0.0616 0.1349 6	[-0.100000, 0.100000]
 0.0133 0.0549 0.0945 0.0887 0.0205 0.0786 0.2190 0.0708 0.0391 0.0285 0.0679 0.1684 7	[-0.100000, 0.100000]
 0.0116 0.0781 0.1793 0.1211 0.0279 0.1112 0.6455 0.2013 0.0714 0.0608 0.0914 0.3186 11	[-0.100000, 0.100000]
 0.0241 0.1133 0.3389 0.1630 0.0402 0.1524 1.1840 0.3675 0.1187 0.0873 0.1227 0.6035 16	[-0.100000, 0.100000]
 0.0300 0.1453 0.5394 0.2050 0.0505 0.1937 1.8888 0.5782 0.1533 0.1125 0.1571 0.9444 21	[-0.100000, 0.100000]
 0.0358 0.1745 0.7867 0.2492 0.0617 0.2378 2.7778 0.8340 0.1872 0.1342 0.1889 1.3967 26	[-0.100000, 0.100000]
 0.0418 0.2093 1.0905 0.2899 0.0719 0.2787 3.7912 1.1400 0.2190 0.1591 0.2201 1.9186 31	[-0.100000, 0.100000]

 0.0085 0.0188 0.0223 0.0317 0.0076 0.0310 0.0404 0.0268 0.0196 0.0142 0.0292 0.0399 4	[-0.300000, -0.200000]
 0.0108 0.0221 0.0299 0.0364 0.0084 0.0315 0.0540 0.0357 0.0231 0.0197 0.0300 0.0523 5	[-0.300000, -0.200000]
 0.0108 0.0256 0.0378 0.0405 0.0100 0.0404 0.0683 0.0439 0.0266 0.0221 0.0308 0.0668 6	[-0.300000, -0.200000]
 0.0118 0.0275 0.0463 0.0510 0.0101 0.0394 0.0839 0.0540 0.0297 0.0216 0.0347 0.0816 7	[-0.300000, -0.200000]
 0.0165 0.0429 0.0915 0.0614 0.0155 0.0567 0.1640 0.1024 0.0439 0.0319 0.0478 0.1629 11	[-0.300000, -0.200000]
 0.0246 0.0580 0.1678 0.0837 0.0210 0.0775 0.3022 0.1855 0.0608 0.0440 0.0631 0.3003 16	[-0.300000, -0.200000]
 0.0278 0.0743 0.2722 0.1029 0.0268 0.0990 0.4778 0.2889 0.0780 0.0573 0.0793 0.4777 21	[-0.300000, -0.200000]
 0.0328 0.0900 0.3961 0.1264 0.0317 0.1215 0.6943 0.4144 0.0949 0.0695 0.0962 0.6949 26	[-0.300000, -0.200000]
 0.0388 0.1059 0.5441 0.1454 0.0381 0.1403 0.9595 0.5744 0.1115 0.0825 0.1109 0.9495 31	[-0.300000, -0.200000]

 0.0077 0.0171 0.0257 0.0312 0.0069 0.0262 0.0405 0.0271 0.0189 0.0135 0.0244 0.0405 4	[0.200000, 0.300000]
 0.0090 0.0235 0.0295 0.0354 0.0073 0.0304 0.0530 0.0353 0.0262 0.0187 0.0281 0.0523 5	[0.200000, 0.300000]
 0.0101 0.0235 0.0379 0.0399 0.0104 0.0348 0.0680 0.0438 0.0256 0.0185 0.0311 0.0674 6	[0.200000, 0.300000]
 0.0111 0.0275 0.0473 0.0528 0.0104 0.0400 0.0851 0.0546 0.0295 0.0212 0.0393 0.0838 7	[0.200000, 0.300000]
 0.0155 0.0400 0.0915 0.0612 0.0146 0.0564 0.1650 0.1035 0.0435 0.0359 0.0474 0.1643 11	[0.200000, 0.300000]
 0.0215 0.0557 0.1695 0.0814 0.0207 0.0768 0.2994 0.1842 0.0610 0.0439 0.0633 0.2996 16	[0.200000, 0.300000]
 0.0266 0.0727 0.2713 0.1052 0.0268 0.0994 0.4777 0.2869 0.0779 0.0560 0.0801 0.4756 21	[0.200000, 0.300000]
 0.0339 0.0903 0.3941 0.0801 0.0328 0.0770 0.7032 0.4201 0.0952 0.0703 0.0696 0.7076 26	[0.200000, 0.300000]
 0.0383 0.0826 0.5100 0.1485 0.0378 0.1442 0.8285 0.5646 0.0750 0.0813 0.1130 0.9727 31	[0.200000, 0.300000]

