>> STATS for tests_out/it11_test.bin
 #polynomials = 100    deg = 4     X = [-0.300000 , 0.200000]
>> [EVAL_TIME]
Form         max          min         mean       median  deg         X
-------------------------------------------------------------------------
 iHF        0.0148      0.0082      0.0103      0.0090   4 [-0.300000, 0.200000]
 iHFBZ      0.0095      0.0058      0.0064      0.0059   4 [-0.300000, 0.200000]
 iMVF       0.0282      0.0168      0.0228      0.0260   4 [-0.300000, 0.200000]
 iSF        0.0455      0.0333      0.0356      0.0356   4 [-0.300000, 0.200000]
 iMVFBC     0.0392      0.0236      0.0358      0.0372   4 [-0.300000, 0.200000]
 iTF        0.0474      0.0277      0.0305      0.0283   4 [-0.300000, 0.200000]
 iTFBM      0.0521      0.0332      0.0389      0.0334   4 [-0.300000, 0.200000]
 iBF        0.0834      0.0490      0.0655      0.0762   4 [-0.300000, 0.200000]
 iBFBZ      0.1704      0.0977      0.1387      0.1521   4 [-0.300000, 0.200000]
 iIF        0.0568      0.0321      0.0478      0.0505   4 [-0.300000, 0.200000]
 iIF2       0.0741      0.0383      0.0566      0.0608   4 [-0.300000, 0.200000]
 iISF       0.0496      0.0299      0.0425      0.0466   4 [-0.300000, 0.200000]
-------------------------------------------------------------------------
>> STATS for tests_out/it12_test.bin
 #polynomials = 100    deg = 5     X = [-0.300000 , 0.200000]
>> [EVAL_TIME]
Form         max          min         mean       median  deg         X
-------------------------------------------------------------------------
 iHF        0.0177      0.0149      0.0157      0.0158   5 [-0.300000, 0.200000]
 iHFBZ      0.0221      0.0105      0.0109      0.0106   5 [-0.300000, 0.200000]
 iMVF       0.0377      0.0305      0.0316      0.0316   5 [-0.300000, 0.200000]
 iSF        0.0690      0.0394      0.0439      0.0421   5 [-0.300000, 0.200000]
 iMVFBC     0.0524      0.0320      0.0451      0.0441   5 [-0.300000, 0.200000]
 iTF        0.0823      0.0540      0.0621      0.0581   5 [-0.300000, 0.200000]
 iTFBM      0.0805      0.0667      0.0682      0.0676   5 [-0.300000, 0.200000]
 iBF        0.1266      0.1006      0.1054      0.1022   5 [-0.300000, 0.200000]
 iBFBZ      0.2398      0.1544      0.2082      0.2039   5 [-0.300000, 0.200000]
 iIF        0.0792      0.0525      0.0622      0.0599   5 [-0.300000, 0.200000]
 iIF2       0.0830      0.0449      0.0676      0.0694   5 [-0.300000, 0.200000]
 iISF       0.0567      0.0432      0.0541      0.0541   5 [-0.300000, 0.200000]
-------------------------------------------------------------------------
>> STATS for tests_out/it13_test.bin
 #polynomials = 100    deg = 6     X = [-0.300000 , 0.200000]
>> [EVAL_TIME]
Form         max          min         mean       median  deg         X
-------------------------------------------------------------------------
 iHF        0.0202      0.0171      0.0180      0.0179   6 [-0.300000, 0.200000]
 iHFBZ      0.0130      0.0116      0.0119      0.0118   6 [-0.300000, 0.200000]
 iMVF       0.0391      0.0355      0.0366      0.0365   6 [-0.300000, 0.200000]
 iSF        0.0533      0.0459      0.0481      0.0478   6 [-0.300000, 0.200000]
 iMVFBC     0.0895      0.0322      0.0531      0.0510   6 [-0.300000, 0.200000]
 iTF        0.0864      0.0725      0.0743      0.0735   6 [-0.300000, 0.200000]
 iTFBM      0.0997      0.0844      0.0859      0.0857   6 [-0.300000, 0.200000]
 iBF        0.1573      0.1070      0.1378      0.1318   6 [-0.300000, 0.200000]
 iBFBZ      0.3042      0.2582      0.2647      0.2623   6 [-0.300000, 0.200000]
 iIF        0.0822      0.0447      0.0703      0.0683   6 [-0.300000, 0.200000]
 iIF2       0.0833      0.0759      0.0781      0.0777   6 [-0.300000, 0.200000]
 iISF       0.0844      0.0587      0.0605      0.0600   6 [-0.300000, 0.200000]
-------------------------------------------------------------------------
>> STATS for tests_out/it14_test.bin
 #polynomials = 100    deg = 7     X = [-0.300000 , 0.200000]
>> [EVAL_TIME]
Form         max          min         mean       median  deg         X
-------------------------------------------------------------------------
 iHF        0.0228      0.0190      0.0199      0.0195   7 [-0.300000, 0.200000]
 iHFBZ      0.0140      0.0126      0.0129      0.0128   7 [-0.300000, 0.200000]
 iMVF       0.0448      0.0399      0.0412      0.0411   7 [-0.300000, 0.200000]
 iSF        0.0687      0.0338      0.0536      0.0534   7 [-0.300000, 0.200000]
 iMVFBC     0.0598      0.0560      0.0573      0.0573   7 [-0.300000, 0.200000]
 iTF        0.1035      0.0589      0.0864      0.0907   7 [-0.300000, 0.200000]
 iTFBM      0.1237      0.0944      0.1067      0.1052   7 [-0.300000, 0.200000]
 iBF        0.1733      0.1600      0.1630      0.1621   7 [-0.300000, 0.200000]
 iBFBZ      0.3956      0.3193      0.3256      0.3237   7 [-0.300000, 0.200000]
 iIF        0.0946      0.0491      0.0770      0.0765   7 [-0.300000, 0.200000]
 iIF2       0.0900      0.0628      0.0852      0.0864   7 [-0.300000, 0.200000]
 iISF       0.0735      0.0566      0.0671      0.0672   7 [-0.300000, 0.200000]
-------------------------------------------------------------------------
>> STATS for tests_out/it15_test.bin
 #polynomials = 100    deg = 11    X = [-0.300000 , 0.200000]
>> [EVAL_TIME]
Form         max          min         mean       median  deg         X
-------------------------------------------------------------------------
 iHF        0.0307      0.0277      0.0286      0.0285  11 [-0.300000, 0.200000]
 iHFBZ      0.0188      0.0174      0.0177      0.0177  11 [-0.300000, 0.200000]
 iMVF       0.0748      0.0464      0.0629      0.0611  11 [-0.300000, 0.200000]
 iSF        0.1001      0.0777      0.0804      0.0798  11 [-0.300000, 0.200000]
 iMVFBC     0.0910      0.0826      0.0848      0.0847  11 [-0.300000, 0.200000]
 iTF        0.1961      0.1669      0.1819      0.1819  11 [-0.300000, 0.200000]
 iTFBM      0.2348      0.1858      0.2043      0.2016  11 [-0.300000, 0.200000]
 iBF        0.3909      0.2881      0.3265      0.3214  11 [-0.300000, 0.200000]
 iBFBZ      0.6644      0.5172      0.6393      0.6449  11 [-0.300000, 0.200000]
 iIF        0.1356      0.0841      0.1122      0.1110  11 [-0.300000, 0.200000]
 iIF2       0.1268      0.1181      0.1213      0.1212  11 [-0.300000, 0.200000]
 iISF       0.0975      0.0910      0.0930      0.0928  11 [-0.300000, 0.200000]
-------------------------------------------------------------------------
>> STATS for tests_out/it16_test.bin
 #polynomials = 100    deg = 16    X = [-0.300000 , 0.200000]
>> [EVAL_TIME]
Form         max          min         mean       median  deg         X
-------------------------------------------------------------------------
 iHF        0.0418      0.0381      0.0392      0.0392  16 [-0.300000, 0.200000]
 iHFBZ      0.0292      0.0231      0.0258      0.0247  16 [-0.300000, 0.200000]
 iMVF       0.1005      0.0618      0.0864      0.0847  16 [-0.300000, 0.200000]
 iSF        0.1361      0.0818      0.1111      0.1106  16 [-0.300000, 0.200000]
 iMVFBC     0.1310      0.0885      0.1137      0.1173  16 [-0.300000, 0.200000]
 iTF        0.3973      0.2735      0.3374      0.3338  16 [-0.300000, 0.200000]
 iTFBM      0.4216      0.3020      0.3655      0.3641  16 [-0.300000, 0.200000]
 iBF        0.6381      0.4534      0.5655      0.5885  16 [-0.300000, 0.200000]
 iBFBZ      1.3985      1.0147      1.1971      1.1922  16 [-0.300000, 0.200000]
 iIF        0.1617      0.1242      0.1509      0.1513  16 [-0.300000, 0.200000]
 iIF2       0.1969      0.1198      0.1520      0.1547  16 [-0.300000, 0.200000]
 iISF       0.1255      0.0892      0.1193      0.1222  16 [-0.300000, 0.200000]
-------------------------------------------------------------------------
>> STATS for tests_out/it17_test.bin
 #polynomials = 100    deg = 21    X = [-0.300000 , 0.200000]
>> [EVAL_TIME]
Form         max          min         mean       median  deg         X
-------------------------------------------------------------------------
 iHF        0.0516      0.0481      0.0493      0.0493  21 [-0.300000, 0.200000]
 iHFBZ      0.0300      0.0290      0.0296      0.0296  21 [-0.300000, 0.200000]
 iMVF       0.1110      0.0702      0.1018      0.1076  21 [-0.300000, 0.200000]
 iSF        0.1504      0.0973      0.1350      0.1414  21 [-0.300000, 0.200000]
 iMVFBC     0.1877      0.1363      0.1631      0.1547  21 [-0.300000, 0.200000]
 iTF        0.6403      0.4118      0.5298      0.5289  21 [-0.300000, 0.200000]
 iTFBM      0.5789      0.5347      0.5681      0.5686  21 [-0.300000, 0.200000]
 iBF        1.1267      0.8080      0.9523      0.9465  21 [-0.300000, 0.200000]
 iBFBZ      1.9238      1.6087      1.8679      1.8885  21 [-0.300000, 0.200000]
 iIF        0.2071      0.1915      0.1959      0.1960  21 [-0.300000, 0.200000]
 iIF2       0.2423      0.1869      0.2061      0.2039  21 [-0.300000, 0.200000]
 iISF       0.1839      0.1532      0.1595      0.1565  21 [-0.300000, 0.200000]
-------------------------------------------------------------------------
>> STATS for tests_out/it18_test.bin
 #polynomials = 100    deg = 26    X = [-0.300000 , 0.200000]
>> [EVAL_TIME]
Form         max          min         mean       median  deg         X
-------------------------------------------------------------------------
 iHF        0.0628      0.0587      0.0603      0.0602  26 [-0.300000, 0.200000]
 iHFBZ      0.0375      0.0345      0.0353      0.0351  26 [-0.300000, 0.200000]
 iMVF       0.1385      0.1312      0.1335      0.1333  26 [-0.300000, 0.200000]
 iSF        0.1827      0.1560      0.1731      0.1731  26 [-0.300000, 0.200000]
 iMVFBC     0.2351      0.1823      0.1867      0.1858  26 [-0.300000, 0.200000]
 iTF        0.7898      0.7705      0.7776      0.7748  26 [-0.300000, 0.200000]
 iTFBM      0.8806      0.8140      0.8265      0.8270  26 [-0.300000, 0.200000]
 iBF        1.6494      1.3545      1.3780      1.3753  26 [-0.300000, 0.200000]
 iBFBZ      2.7665      2.2826      2.7152      2.7313  26 [-0.300000, 0.200000]
 iIF        0.2418      0.2307      0.2357      0.2357  26 [-0.300000, 0.200000]
 iIF2       0.2899      0.2407      0.2483      0.2452  26 [-0.300000, 0.200000]
 iISF       0.2235      0.1665      0.1900      0.1875  26 [-0.300000, 0.200000]
-------------------------------------------------------------------------
>> STATS for tests_out/it19_test.bin
 #polynomials = 100    deg = 31    X = [-0.300000 , 0.200000]
>> [EVAL_TIME]
Form         max          min         mean       median  deg         X
-------------------------------------------------------------------------
 iHF        0.0750      0.0529      0.0701      0.0709  31 [-0.300000, 0.200000]
 iHFBZ      0.0437      0.0260      0.0386      0.0408  31 [-0.300000, 0.200000]
 iMVF       0.1630      0.1146      0.1517      0.1582  31 [-0.300000, 0.200000]
 iSF        0.2225      0.2028      0.2066      0.2063  31 [-0.300000, 0.200000]
 iMVFBC     0.2237      0.2145      0.2186      0.2180  31 [-0.300000, 0.200000]
 iTF        1.2504      1.0586      1.0833      1.0800  31 [-0.300000, 0.200000]
 iTFBM      1.3722      0.9342      1.1045      1.1137  31 [-0.300000, 0.200000]
 iBF        2.2825      1.6135      1.8835      1.8839  31 [-0.300000, 0.200000]
 iBFBZ      4.0909      3.4829      3.7642      3.7663  31 [-0.300000, 0.200000]
 iIF        0.3286      0.2397      0.2834      0.2769  31 [-0.300000, 0.200000]
 iIF2       0.3004      0.2289      0.2866      0.2899  31 [-0.300000, 0.200000]
 iISF       0.3190      0.1660      0.2078      0.2150  31 [-0.300000, 0.200000]
-------------------------------------------------------------------------
>> STATS for tests_out/it21_test.bin
 #polynomials = 100    deg = 4     X = [-0.150000 , 0.100000]
>> [EVAL_TIME]
Form         max          min         mean       median  deg         X
-------------------------------------------------------------------------
 iHF        0.0179      0.0129      0.0139      0.0138   4 [-0.150000, 0.100000]
 iHFBZ      0.0115      0.0105      0.0111      0.0111   4 [-0.150000, 0.100000]
 iMVF       0.0329      0.0172      0.0275      0.0271   4 [-0.150000, 0.100000]
 iSF        0.0387      0.0336      0.0355      0.0356   4 [-0.150000, 0.100000]
 iMVFBC     0.0403      0.0365      0.0378      0.0378   4 [-0.150000, 0.100000]
 iTF        0.0547      0.0428      0.0480      0.0491   4 [-0.150000, 0.100000]
 iTFBM      0.0570      0.0349      0.0500      0.0524   4 [-0.150000, 0.100000]
 iBF        0.0812      0.0753      0.0779      0.0774   4 [-0.150000, 0.100000]
 iBFBZ      0.1590      0.1406      0.1534      0.1533   4 [-0.150000, 0.100000]
 iIF        0.0543      0.0499      0.0514      0.0512   4 [-0.150000, 0.100000]
 iIF2       0.0819      0.0464      0.0641      0.0613   4 [-0.150000, 0.100000]
 iISF       0.0586      0.0466      0.0510      0.0481   4 [-0.150000, 0.100000]
-------------------------------------------------------------------------
>> STATS for tests_out/it22_test.bin
 #polynomials = 100    deg = 5     X = [-0.150000 , 0.100000]
>> [EVAL_TIME]
Form         max          min         mean       median  deg         X
-------------------------------------------------------------------------
 iHF        0.0187      0.0149      0.0158      0.0158   5 [-0.150000, 0.100000]
 iHFBZ      0.0127      0.0105      0.0107      0.0106   5 [-0.150000, 0.100000]
 iMVF       0.0339      0.0306      0.0317      0.0318   5 [-0.150000, 0.100000]
 iSF        0.0467      0.0278      0.0400      0.0401   5 [-0.150000, 0.100000]
 iMVFBC     0.0460      0.0306      0.0433      0.0437   5 [-0.150000, 0.100000]
 iTF        0.0741      0.0384      0.0623      0.0587   5 [-0.150000, 0.100000]
 iTFBM      0.0708      0.0685      0.0694      0.0693   5 [-0.150000, 0.100000]
 iBF        0.1201      0.1023      0.1088      0.1046   5 [-0.150000, 0.100000]
 iBFBZ      0.2235      0.2030      0.2075      0.2072   5 [-0.150000, 0.100000]
 iIF        0.0736      0.0466      0.0624      0.0605   5 [-0.150000, 0.100000]
 iIF2       0.0847      0.0465      0.0683      0.0697   5 [-0.150000, 0.100000]
 iISF       0.0726      0.0347      0.0505      0.0533   5 [-0.150000, 0.100000]
-------------------------------------------------------------------------
>> STATS for tests_out/it23_test.bin
 #polynomials = 100    deg = 6     X = [-0.150000 , 0.100000]
>> [EVAL_TIME]
Form         max          min         mean       median  deg         X
-------------------------------------------------------------------------
 iHF        0.0213      0.0111      0.0170      0.0173   6 [-0.150000, 0.100000]
 iHFBZ      0.0131      0.0116      0.0119      0.0118   6 [-0.150000, 0.100000]
 iMVF       0.0392      0.0236      0.0353      0.0361   6 [-0.150000, 0.100000]
 iSF        0.0572      0.0330      0.0477      0.0469   6 [-0.150000, 0.100000]
 iMVFBC     0.0539      0.0496      0.0512      0.0509   6 [-0.150000, 0.100000]
 iTF        0.0887      0.0472      0.0778      0.0750   6 [-0.150000, 0.100000]
 iTFBM      0.0905      0.0847      0.0866      0.0866   6 [-0.150000, 0.100000]
 iBF        0.1450      0.1097      0.1323      0.1322   6 [-0.150000, 0.100000]
 iBFBZ      0.2765      0.2596      0.2638      0.2637   6 [-0.150000, 0.100000]
 iIF        0.0754      0.0576      0.0687      0.0684   6 [-0.150000, 0.100000]
 iIF2       0.0911      0.0766      0.0786      0.0783   6 [-0.150000, 0.100000]
 iISF       0.0627      0.0593      0.0607      0.0606   6 [-0.150000, 0.100000]
-------------------------------------------------------------------------
>> STATS for tests_out/it24_test.bin
 #polynomials = 100    deg = 7     X = [-0.150000 , 0.100000]
>> [EVAL_TIME]
Form         max          min         mean       median  deg         X
-------------------------------------------------------------------------
 iHF        0.0229      0.0125      0.0182      0.0194   7 [-0.150000, 0.100000]
 iHFBZ      0.0135      0.0131      0.0133      0.0133   7 [-0.150000, 0.100000]
 iMVF       0.0442      0.0263      0.0401      0.0412   7 [-0.150000, 0.100000]
 iSF        0.0591      0.0525      0.0547      0.0545   7 [-0.150000, 0.100000]
 iMVFBC     0.0614      0.0403      0.0551      0.0573   7 [-0.150000, 0.100000]
 iTF        0.0941      0.0629      0.0901      0.0911   7 [-0.150000, 0.100000]
 iTFBM      0.1070      0.0826      0.1042      0.1052   7 [-0.150000, 0.100000]
 iBF        0.2016      0.1208      0.1641      0.1645   7 [-0.150000, 0.100000]
 iBFBZ      0.3303      0.2634      0.3226      0.3248   7 [-0.150000, 0.100000]
 iIF        0.0931      0.0497      0.0784      0.0771   7 [-0.150000, 0.100000]
 iIF2       0.0908      0.0590      0.0852      0.0870   7 [-0.150000, 0.100000]
 iISF       0.0707      0.0434      0.0647      0.0668   7 [-0.150000, 0.100000]
-------------------------------------------------------------------------
>> STATS for tests_out/it25_test.bin
 #polynomials = 100    deg = 11    X = [-0.150000 , 0.100000]
>> [EVAL_TIME]
Form         max          min         mean       median  deg         X
-------------------------------------------------------------------------
 iHF        0.0313      0.0277      0.0285      0.0282  11 [-0.150000, 0.100000]
 iHFBZ      0.0181      0.0177      0.0179      0.0179  11 [-0.150000, 0.100000]
 iMVF       0.0637      0.0445      0.0595      0.0605  11 [-0.150000, 0.100000]
 iSF        0.0902      0.0603      0.0785      0.0794  11 [-0.150000, 0.100000]
 iMVFBC     0.0862      0.0555      0.0814      0.0831  11 [-0.150000, 0.100000]
 iTF        0.2115      0.1416      0.1807      0.1788  11 [-0.150000, 0.100000]
 iTFBM      0.2063      0.1992      0.2017      0.2014  11 [-0.150000, 0.100000]
 iBF        0.3844      0.2784      0.3219      0.3190  11 [-0.150000, 0.100000]
 iBFBZ      0.7604      0.6300      0.6399      0.6374  11 [-0.150000, 0.100000]
 iIF        0.1128      0.0942      0.1093      0.1096  11 [-0.150000, 0.100000]
 iIF2       0.1438      0.1175      0.1218      0.1199  11 [-0.150000, 0.100000]
 iISF       0.1131      0.0904      0.0942      0.0914  11 [-0.150000, 0.100000]
-------------------------------------------------------------------------
>> STATS for tests_out/it26_test.bin
 #polynomials = 100    deg = 16    X = [-0.150000 , 0.100000]
>> [EVAL_TIME]
Form         max          min         mean       median  deg         X
-------------------------------------------------------------------------
 iHF        0.0424      0.0376      0.0390      0.0389  16 [-0.150000, 0.100000]
 iHFBZ      0.0321      0.0147      0.0239      0.0241  16 [-0.150000, 0.100000]
 iMVF       0.1057      0.0676      0.0877      0.0851  16 [-0.150000, 0.100000]
 iSF        0.1372      0.1085      0.1145      0.1116  16 [-0.150000, 0.100000]
 iMVFBC     0.1225      0.0857      0.1148      0.1173  16 [-0.150000, 0.100000]
 iTF        0.3396      0.2578      0.3224      0.3297  16 [-0.150000, 0.100000]
 iTFBM      0.3675      0.2843      0.3554      0.3593  16 [-0.150000, 0.100000]
 iBF        0.6899      0.5687      0.6014      0.5997  16 [-0.150000, 0.100000]
 iBFBZ      1.4354      0.9917      1.1917      1.1854  16 [-0.150000, 0.100000]
 iIF        0.1879      0.1342      0.1555      0.1520  16 [-0.150000, 0.100000]
 iIF2       0.1955      0.1181      0.1602      0.1605  16 [-0.150000, 0.100000]
 iISF       0.1277      0.0871      0.1169      0.1223  16 [-0.150000, 0.100000]
-------------------------------------------------------------------------
>> STATS for tests_out/it27_test.bin
 #polynomials = 100    deg = 21    X = [-0.150000 , 0.100000]
>> [EVAL_TIME]
Form         max          min         mean       median  deg         X
-------------------------------------------------------------------------
 iHF        0.0590      0.0324      0.0339      0.0335  21 [-0.150000, 0.100000]
 iHFBZ      0.0375      0.0194      0.0303      0.0306  21 [-0.150000, 0.100000]
 iMVF       0.1458      0.0730      0.1011      0.1121  21 [-0.150000, 0.100000]
 iSF        0.1629      0.0952      0.1343      0.1466  21 [-0.150000, 0.100000]
 iMVFBC     0.1789      0.1167      0.1552      0.1556  21 [-0.150000, 0.100000]
 iTF        0.6096      0.3485      0.4407      0.4021  21 [-0.150000, 0.100000]
 iTFBM      0.6108      0.3758      0.4548      0.3824  21 [-0.150000, 0.100000]
 iBF        1.0152      0.6252      0.8555      0.9632  21 [-0.150000, 0.100000]
 iBFBZ      2.3987      1.2515      1.7445      1.8463  21 [-0.150000, 0.100000]
 iIF        0.2579      0.1286      0.1832      0.1985  21 [-0.150000, 0.100000]
 iIF2       0.2238      0.1347      0.1856      0.2085  21 [-0.150000, 0.100000]
 iISF       0.1725      0.1027      0.1512      0.1598  21 [-0.150000, 0.100000]
-------------------------------------------------------------------------
>> STATS for tests_out/it28_test.bin
 #polynomials = 100    deg = 26    X = [-0.150000 , 0.100000]
>> [EVAL_TIME]
Form         max          min         mean       median  deg         X
-------------------------------------------------------------------------
 iHF        0.0653      0.0393      0.0509      0.0466  26 [-0.150000, 0.100000]
 iHFBZ      0.0393      0.0228      0.0240      0.0229  26 [-0.150000, 0.100000]
 iMVF       0.1397      0.0878      0.1100      0.0903  26 [-0.150000, 0.100000]
 iSF        0.1867      0.1148      0.1623      0.1777  26 [-0.150000, 0.100000]
 iMVFBC     0.2288      0.1870      0.1910      0.1889  26 [-0.150000, 0.100000]
 iTF        0.8419      0.5132      0.7480      0.7969  26 [-0.150000, 0.100000]
 iTFBM      0.8576      0.5467      0.6938      0.6606  26 [-0.150000, 0.100000]
 iBF        1.4281      0.9123      1.1346      1.1127  26 [-0.150000, 0.100000]
 iBFBZ      3.0799      1.8395      2.5348      2.6459  26 [-0.150000, 0.100000]
 iIF        0.2485      0.1571      0.1921      0.1611  26 [-0.150000, 0.100000]
 iIF2       0.2617      0.1661      0.1928      0.1678  26 [-0.150000, 0.100000]
 iISF       0.1940      0.1233      0.1599      0.1698  26 [-0.150000, 0.100000]
-------------------------------------------------------------------------
>> STATS for tests_out/it29_test.bin
 #polynomials = 100    deg = 31    X = [-0.150000 , 0.100000]
>> [EVAL_TIME]
Form         max          min         mean       median  deg         X
-------------------------------------------------------------------------
 iHF        0.0774      0.0465      0.0620      0.0722  31 [-0.150000, 0.100000]
 iHFBZ      0.0441      0.0264      0.0369      0.0424  31 [-0.150000, 0.100000]
 iMVF       0.1679      0.1050      0.1179      0.1069  31 [-0.150000, 0.100000]
 iSF        0.2190      0.1350      0.1679      0.1408  31 [-0.150000, 0.100000]
 iMVFBC     0.2288      0.1433      0.1929      0.2225  31 [-0.150000, 0.100000]
 iTF        1.3198      0.7134      1.0053      1.0949  31 [-0.150000, 0.100000]
 iTFBM      1.2481      0.7457      1.0181      1.0784  31 [-0.150000, 0.100000]
 iBF        2.2178      1.2584      1.7265      1.8365  31 [-0.150000, 0.100000]
 iBFBZ      3.8967      2.5366      3.5646      3.8313  31 [-0.150000, 0.100000]
 iIF        0.2918      0.1837      0.2294      0.1999  31 [-0.150000, 0.100000]
 iIF2       0.2998      0.1908      0.2551      0.2929  31 [-0.150000, 0.100000]
 iISF       0.2265      0.1441      0.1745      0.1469  31 [-0.150000, 0.100000]
-------------------------------------------------------------------------
>> STATS for tests_out/it31_test.bin
 #polynomials = 100    deg = 4     X = [-0.100000 , 0.100000]
>> [EVAL_TIME]
Form         max          min         mean       median  deg         X
-------------------------------------------------------------------------
 iHF        0.0157      0.0087      0.0107      0.0095   4 [-0.100000, 0.100000]
 iHFBZ      0.0100      0.0061      0.0064      0.0062   4 [-0.100000, 0.100000]
 iMVF       0.0291      0.0176      0.0271      0.0274   4 [-0.100000, 0.100000]
 iSF        0.0388      0.0224      0.0319      0.0346   4 [-0.100000, 0.100000]
 iMVFBC     0.0400      0.0244      0.0356      0.0377   4 [-0.100000, 0.100000]
 iTF        0.0453      0.0287      0.0385      0.0444   4 [-0.100000, 0.100000]
 iTFBM      0.0538      0.0344      0.0473      0.0528   4 [-0.100000, 0.100000]
 iBF        0.0805      0.0512      0.0615      0.0522   4 [-0.100000, 0.100000]
 iBFBZ      0.1615      0.1022      0.1373      0.1573   4 [-0.100000, 0.100000]
 iIF        0.0531      0.0334      0.0372      0.0343   4 [-0.100000, 0.100000]
 iIF2       0.0642      0.0399      0.0454      0.0408   4 [-0.100000, 0.100000]
 iISF       0.0518      0.0318      0.0425      0.0485   4 [-0.100000, 0.100000]
-------------------------------------------------------------------------
>> STATS for tests_out/it32_test.bin
 #polynomials = 100    deg = 5     X = [-0.100000 , 0.100000]
>> [EVAL_TIME]
Form         max          min         mean       median  deg         X
-------------------------------------------------------------------------
 iHF        0.0120      0.0103      0.0107      0.0104   5 [-0.100000, 0.100000]
 iHFBZ      0.0114      0.0071      0.0097      0.0112   5 [-0.100000, 0.100000]
 iMVF       0.0351      0.0211      0.0276      0.0263   5 [-0.100000, 0.100000]
 iSF        0.0480      0.0271      0.0382      0.0420   5 [-0.100000, 0.100000]
 iMVFBC     0.0496      0.0300      0.0453      0.0459   5 [-0.100000, 0.100000]
 iTF        0.0614      0.0387      0.0524      0.0600   5 [-0.100000, 0.100000]
 iTFBM      0.0756      0.0460      0.0613      0.0708   5 [-0.100000, 0.100000]
 iBF        0.1078      0.0692      0.0926      0.1063   5 [-0.100000, 0.100000]
 iBFBZ      0.2554      0.1470      0.2149      0.2148   5 [-0.100000, 0.100000]
 iIF        0.0668      0.0396      0.0600      0.0620   5 [-0.100000, 0.100000]
 iIF2       0.0734      0.0456      0.0605      0.0702   5 [-0.100000, 0.100000]
 iISF       0.0567      0.0360      0.0400      0.0362   5 [-0.100000, 0.100000]
-------------------------------------------------------------------------
>> STATS for tests_out/it33_test.bin
 #polynomials = 100    deg = 6     X = [-0.100000 , 0.100000]
>> [EVAL_TIME]
Form         max          min         mean       median  deg         X
-------------------------------------------------------------------------
 iHF        0.0218      0.0178      0.0188      0.0186   6 [-0.100000, 0.100000]
 iHFBZ      0.0130      0.0119      0.0120      0.0120   6 [-0.100000, 0.100000]
 iMVF       0.0407      0.0250      0.0379      0.0378   6 [-0.100000, 0.100000]
 iSF        0.0530      0.0470      0.0488      0.0483   6 [-0.100000, 0.100000]
 iMVFBC     0.0546      0.0331      0.0471      0.0513   6 [-0.100000, 0.100000]
 iTF        0.0833      0.0480      0.0700      0.0746   6 [-0.100000, 0.100000]
 iTFBM      0.0906      0.0574      0.0740      0.0849   6 [-0.100000, 0.100000]
 iBF        0.1400      0.0875      0.1320      0.1349   6 [-0.100000, 0.100000]
 iBFBZ      0.2764      0.2526      0.2685      0.2686   6 [-0.100000, 0.100000]
 iIF        0.0758      0.0498      0.0697      0.0700   6 [-0.100000, 0.100000]
 iIF2       0.0831      0.0556      0.0796      0.0800   6 [-0.100000, 0.100000]
 iISF       0.0634      0.0546      0.0616      0.0616   6 [-0.100000, 0.100000]
-------------------------------------------------------------------------
>> STATS for tests_out/it34_test.bin
 #polynomials = 100    deg = 7     X = [-0.100000 , 0.100000]
>> [EVAL_TIME]
Form         max          min         mean       median  deg         X
-------------------------------------------------------------------------
 iHF        0.0325      0.0130      0.0205      0.0205   7 [-0.100000, 0.100000]
 iHFBZ      0.0233      0.0084      0.0120      0.0133   7 [-0.100000, 0.100000]
 iMVF       0.0438      0.0274      0.0330      0.0285   7 [-0.100000, 0.100000]
 iSF        0.0597      0.0351      0.0496      0.0549   7 [-0.100000, 0.100000]
 iMVFBC     0.0618      0.0383      0.0424      0.0391   7 [-0.100000, 0.100000]
 iTF        0.0959      0.0614      0.0938      0.0945   7 [-0.100000, 0.100000]
 iTFBM      0.1179      0.0706      0.0784      0.0708   7 [-0.100000, 0.100000]
 iBF        0.1709      0.1100      0.1677      0.1684   7 [-0.100000, 0.100000]
 iBFBZ      0.3377      0.2144      0.2621      0.2190   7 [-0.100000, 0.100000]
 iIF        0.0805      0.0509      0.0778      0.0786   7 [-0.100000, 0.100000]
 iIF2       0.0992      0.0871      0.0889      0.0887   7 [-0.100000, 0.100000]
 iISF       0.0701      0.0441      0.0658      0.0679   7 [-0.100000, 0.100000]
-------------------------------------------------------------------------
>> STATS for tests_out/it35_test.bin
 #polynomials = 100    deg = 11    X = [-0.100000 , 0.100000]
>> [EVAL_TIME]
Form         max          min         mean       median  deg         X
-------------------------------------------------------------------------
 iHF        0.0322      0.0181      0.0245      0.0279  11 [-0.100000, 0.100000]
 iHFBZ      0.0119      0.0115      0.0116      0.0116  11 [-0.100000, 0.100000]
 iMVF       0.0913      0.0406      0.0613      0.0608  11 [-0.100000, 0.100000]
 iSF        0.0861      0.0505      0.0716      0.0781  11 [-0.100000, 0.100000]
 iMVFBC     0.0892      0.0534      0.0702      0.0714  11 [-0.100000, 0.100000]
 iTF        0.2050      0.1150      0.1599      0.1793  11 [-0.100000, 0.100000]
 iTFBM      0.2386      0.1285      0.1900      0.2013  11 [-0.100000, 0.100000]
 iBF        0.3552      0.2042      0.3142      0.3186  11 [-0.100000, 0.100000]
 iBFBZ      0.7634      0.5042      0.6459      0.6455  11 [-0.100000, 0.100000]
 iIF        0.1345      0.0813      0.1121      0.1112  11 [-0.100000, 0.100000]
 iIF2       0.1338      0.0932      0.1186      0.1211  11 [-0.100000, 0.100000]
 iISF       0.0976      0.0906      0.0916      0.0914  11 [-0.100000, 0.100000]
-------------------------------------------------------------------------
>> STATS for tests_out/it36_test.bin
 #polynomials = 100    deg = 16    X = [-0.100000 , 0.100000]
>> [EVAL_TIME]
Form         max          min         mean       median  deg         X
-------------------------------------------------------------------------
 iHF        0.0426      0.0386      0.0402      0.0402  16 [-0.100000, 0.100000]
 iHFBZ      0.0260      0.0236      0.0243      0.0241  16 [-0.100000, 0.100000]
 iMVF       0.0906      0.0570      0.0866      0.0873  16 [-0.100000, 0.100000]
 iSF        0.1357      0.0954      0.1155      0.1133  16 [-0.100000, 0.100000]
 iMVFBC     0.1231      0.1171      0.1189      0.1187  16 [-0.100000, 0.100000]
 iTF        0.4589      0.3326      0.3420      0.3389  16 [-0.100000, 0.100000]
 iTFBM      0.4386      0.3016      0.3704      0.3675  16 [-0.100000, 0.100000]
 iBF        0.6680      0.4758      0.5956      0.6035  16 [-0.100000, 0.100000]
 iBFBZ      1.3946      0.9704      1.1713      1.1840  16 [-0.100000, 0.100000]
 iIF        0.1777      0.1133      0.1498      0.1524  16 [-0.100000, 0.100000]
 iIF2       0.1731      0.1601      0.1635      0.1630  16 [-0.100000, 0.100000]
 iISF       0.1272      0.0900      0.1194      0.1227  16 [-0.100000, 0.100000]
-------------------------------------------------------------------------
>> STATS for tests_out/it37_test.bin
 #polynomials = 100    deg = 21    X = [-0.100000 , 0.100000]
>> [EVAL_TIME]
Form         max          min         mean       median  deg         X
-------------------------------------------------------------------------
 iHF        0.0536      0.0378      0.0504      0.0505  21 [-0.100000, 0.100000]
 iHFBZ      0.0314      0.0296      0.0300      0.0300  21 [-0.100000, 0.100000]
 iMVF       0.1681      0.1096      0.1155      0.1125  21 [-0.100000, 0.100000]
 iSF        0.1685      0.1410      0.1463      0.1453  21 [-0.100000, 0.100000]
 iMVFBC     0.1805      0.1333      0.1546      0.1533  21 [-0.100000, 0.100000]
 iTF        0.6401      0.4201      0.5389      0.5394  21 [-0.100000, 0.100000]
 iTFBM      0.7179      0.4544      0.5874      0.5782  21 [-0.100000, 0.100000]
 iBF        0.9602      0.7811      0.9295      0.9444  21 [-0.100000, 0.100000]
 iBFBZ      2.0324      1.5381      1.8607      1.8888  21 [-0.100000, 0.100000]
 iIF        0.2027      0.1553      0.1916      0.1937  21 [-0.100000, 0.100000]
 iIF2       0.2454      0.1628      0.2065      0.2050  21 [-0.100000, 0.100000]
 iISF       0.1600      0.1553      0.1571      0.1571  21 [-0.100000, 0.100000]
-------------------------------------------------------------------------
>> STATS for tests_out/it38_test.bin
 #polynomials = 100    deg = 26    X = [-0.100000 , 0.100000]
>> [EVAL_TIME]
Form         max          min         mean       median  deg         X
-------------------------------------------------------------------------
 iHF        0.0790      0.0595      0.0627      0.0617  26 [-0.100000, 0.100000]
 iHFBZ      0.0376      0.0246      0.0358      0.0358  26 [-0.100000, 0.100000]
 iMVF       0.1383      0.1024      0.1330      0.1342  26 [-0.100000, 0.100000]
 iSF        0.2112      0.1314      0.1704      0.1745  26 [-0.100000, 0.100000]
 iMVFBC     0.1926      0.1445      0.1845      0.1872  26 [-0.100000, 0.100000]
 iTF        0.8174      0.6268      0.7742      0.7867  26 [-0.100000, 0.100000]
 iTFBM      1.0012      0.7017      0.8446      0.8340  26 [-0.100000, 0.100000]
 iBF        1.6605      1.2064      1.3980      1.3967  26 [-0.100000, 0.100000]
 iBFBZ      3.1913      2.3165      2.7636      2.7778  26 [-0.100000, 0.100000]
 iIF        0.2429      0.2330      0.2379      0.2378  26 [-0.100000, 0.100000]
 iIF2       0.2749      0.2442      0.2494      0.2492  26 [-0.100000, 0.100000]
 iISF       0.2278      0.1374      0.1884      0.1889  26 [-0.100000, 0.100000]
-------------------------------------------------------------------------
>> STATS for tests_out/it39_test.bin
 #polynomials = 100    deg = 31    X = [-0.100000 , 0.100000]
>> [EVAL_TIME]
Form         max          min         mean       median  deg         X
-------------------------------------------------------------------------
 iHF        0.0767      0.0700      0.0721      0.0719  31 [-0.100000, 0.100000]
 iHFBZ      0.0437      0.0411      0.0419      0.0418  31 [-0.100000, 0.100000]
 iMVF       0.1863      0.1411      0.1616      0.1591  31 [-0.100000, 0.100000]
 iSF        0.2168      0.2041      0.2095      0.2093  31 [-0.100000, 0.100000]
 iMVFBC     0.2601      0.2164      0.2201      0.2190  31 [-0.100000, 0.100000]
 iTF        1.2922      1.0753      1.0934      1.0905  31 [-0.100000, 0.100000]
 iTFBM      1.2904      1.1213      1.1428      1.1400  31 [-0.100000, 0.100000]
 iBF        2.0304      1.8895      1.9178      1.9186  31 [-0.100000, 0.100000]
 iBFBZ      4.1117      3.3299      3.7855      3.7912  31 [-0.100000, 0.100000]
 iIF        0.2892      0.2325      0.2776      0.2787  31 [-0.100000, 0.100000]
 iIF2       0.2968      0.2131      0.2813      0.2899  31 [-0.100000, 0.100000]
 iISF       0.2661      0.2180      0.2238      0.2201  31 [-0.100000, 0.100000]
-------------------------------------------------------------------------
>> STATS for tests_out/it41_test.bin
 #polynomials = 100    deg = 4     X = [-0.300000 , -0.200000]
>> [EVAL_TIME]
Form         max          min         mean       median  deg         X
-------------------------------------------------------------------------
 iHF        0.0101      0.0071      0.0078      0.0076   4 [-0.300000, -0.200000]
 iHFBZ      0.0109      0.0079      0.0087      0.0085   4 [-0.300000, -0.200000]
 iMVF       0.0163      0.0136      0.0144      0.0142   4 [-0.300000, -0.200000]
 iSF        0.0218      0.0177      0.0191      0.0188   4 [-0.300000, -0.200000]
 iMVFBC     0.0219      0.0188      0.0198      0.0196   4 [-0.300000, -0.200000]
 iTF        0.0255      0.0220      0.0224      0.0223   4 [-0.300000, -0.200000]
 iTFBM      0.0285      0.0264      0.0269      0.0268   4 [-0.300000, -0.200000]
 iBF        0.0409      0.0393      0.0399      0.0399   4 [-0.300000, -0.200000]
 iBFBZ      0.0416      0.0263      0.0378      0.0404   4 [-0.300000, -0.200000]
 iIF        0.0333      0.0172      0.0297      0.0310   4 [-0.300000, -0.200000]
 iIF2       0.0394      0.0306      0.0326      0.0317   4 [-0.300000, -0.200000]
 iISF       0.0311      0.0239      0.0280      0.0292   4 [-0.300000, -0.200000]
-------------------------------------------------------------------------
>> STATS for tests_out/it42_test.bin
 #polynomials = 100    deg = 5     X = [-0.300000 , -0.200000]
>> [EVAL_TIME]
Form         max          min         mean       median  deg         X
-------------------------------------------------------------------------
 iHF        0.0113      0.0081      0.0087      0.0084   5 [-0.300000, -0.200000]
 iHFBZ      0.0134      0.0089      0.0108      0.0108   5 [-0.300000, -0.200000]
 iMVF       0.0232      0.0106      0.0178      0.0197   5 [-0.300000, -0.200000]
 iSF        0.0258      0.0212      0.0225      0.0221   5 [-0.300000, -0.200000]
 iMVFBC     0.0258      0.0225      0.0233      0.0231   5 [-0.300000, -0.200000]
 iTF        0.0309      0.0296      0.0300      0.0299   5 [-0.300000, -0.200000]
 iTFBM      0.0368      0.0352      0.0357      0.0357   5 [-0.300000, -0.200000]
 iBF        0.0617      0.0344      0.0526      0.0523   5 [-0.300000, -0.200000]
 iBFBZ      0.0649      0.0527      0.0542      0.0540   5 [-0.300000, -0.200000]
 iIF        0.0345      0.0304      0.0316      0.0315   5 [-0.300000, -0.200000]
 iIF2       0.0390      0.0351      0.0365      0.0364   5 [-0.300000, -0.200000]
 iISF       0.0383      0.0275      0.0302      0.0300   5 [-0.300000, -0.200000]
-------------------------------------------------------------------------
>> STATS for tests_out/it43_test.bin
 #polynomials = 100    deg = 6     X = [-0.300000 , -0.200000]
>> [EVAL_TIME]
Form         max          min         mean       median  deg         X
-------------------------------------------------------------------------
 iHF        0.0125      0.0093      0.0103      0.0100   6 [-0.300000, -0.200000]
 iHFBZ      0.0144      0.0102      0.0111      0.0108   6 [-0.300000, -0.200000]
 iMVF       0.0444      0.0121      0.0200      0.0221   6 [-0.300000, -0.200000]
 iSF        0.0308      0.0241      0.0262      0.0256   6 [-0.300000, -0.200000]
 iMVFBC     0.0290      0.0256      0.0268      0.0266   6 [-0.300000, -0.200000]
 iTF        0.0399      0.0371      0.0379      0.0378   6 [-0.300000, -0.200000]
 iTFBM      0.0458      0.0431      0.0440      0.0439   6 [-0.300000, -0.200000]
 iBF        0.0697      0.0656      0.0669      0.0668   6 [-0.300000, -0.200000]
 iBFBZ      0.0822      0.0509      0.0714      0.0683   6 [-0.300000, -0.200000]
 iIF        0.0847      0.0264      0.0399      0.0404   6 [-0.300000, -0.200000]
 iIF2       0.0442      0.0393      0.0408      0.0405   6 [-0.300000, -0.200000]
 iISF       0.0339      0.0306      0.0312      0.0308   6 [-0.300000, -0.200000]
-------------------------------------------------------------------------
>> STATS for tests_out/it44_test.bin
 #polynomials = 100    deg = 7     X = [-0.300000 , -0.200000]
>> [EVAL_TIME]
Form         max          min         mean       median  deg         X
-------------------------------------------------------------------------
 iHF        0.0140      0.0067      0.0096      0.0101   7 [-0.300000, -0.200000]
 iHFBZ      0.0152      0.0112      0.0120      0.0118   7 [-0.300000, -0.200000]
 iMVF       0.0250      0.0203      0.0219      0.0216   7 [-0.300000, -0.200000]
 iSF        0.0334      0.0177      0.0265      0.0275   7 [-0.300000, -0.200000]
 iMVFBC     0.0325      0.0190      0.0294      0.0297   7 [-0.300000, -0.200000]
 iTF        0.0483      0.0457      0.0464      0.0463   7 [-0.300000, -0.200000]
 iTFBM      0.0558      0.0346      0.0530      0.0540   7 [-0.300000, -0.200000]
 iBF        0.0831      0.0798      0.0816      0.0816   7 [-0.300000, -0.200000]
 iBFBZ      0.0999      0.0541      0.0858      0.0839   7 [-0.300000, -0.200000]
 iIF        0.0490      0.0386      0.0401      0.0394   7 [-0.300000, -0.200000]
 iIF2       0.0551      0.0322      0.0487      0.0510   7 [-0.300000, -0.200000]
 iISF       0.0374      0.0340      0.0348      0.0347   7 [-0.300000, -0.200000]
-------------------------------------------------------------------------
>> STATS for tests_out/it45_test.bin
 #polynomials = 100    deg = 11    X = [-0.300000 , -0.200000]
>> [EVAL_TIME]
Form         max          min         mean       median  deg         X
-------------------------------------------------------------------------
 iHF        0.0202      0.0150      0.0158      0.0155  11 [-0.300000, -0.200000]
 iHFBZ      0.0215      0.0158      0.0168      0.0165  11 [-0.300000, -0.200000]
 iMVF       0.0364      0.0311      0.0322      0.0319  11 [-0.300000, -0.200000]
 iSF        0.0590      0.0406      0.0446      0.0429  11 [-0.300000, -0.200000]
 iMVFBC     0.0536      0.0374      0.0455      0.0439  11 [-0.300000, -0.200000]
 iTF        0.1226      0.0726      0.0936      0.0915  11 [-0.300000, -0.200000]
 iTFBM      0.1363      0.0753      0.1037      0.1024  11 [-0.300000, -0.200000]
 iBF        0.1684      0.1358      0.1625      0.1629  11 [-0.300000, -0.200000]
 iBFBZ      0.1700      0.1398      0.1638      0.1640  11 [-0.300000, -0.200000]
 iIF        0.0611      0.0515      0.0569      0.0567  11 [-0.300000, -0.200000]
 iIF2       0.0649      0.0469      0.0614      0.0614  11 [-0.300000, -0.200000]
 iISF       0.0567      0.0464      0.0501      0.0478  11 [-0.300000, -0.200000]
-------------------------------------------------------------------------
>> STATS for tests_out/it46_test.bin
 #polynomials = 100    deg = 16    X = [-0.300000 , -0.200000]
>> [EVAL_TIME]
Form         max          min         mean       median  deg         X
-------------------------------------------------------------------------
 iHF        0.0278      0.0133      0.0209      0.0210  16 [-0.300000, -0.200000]
 iHFBZ      0.0354      0.0139      0.0236      0.0246  16 [-0.300000, -0.200000]
 iMVF       0.0477      0.0283      0.0428      0.0440  16 [-0.300000, -0.200000]
 iSF        0.0667      0.0397      0.0579      0.0580  16 [-0.300000, -0.200000]
 iMVFBC     0.0733      0.0391      0.0622      0.0608  16 [-0.300000, -0.200000]
 iTF        0.2020      0.1123      0.1688      0.1678  16 [-0.300000, -0.200000]
 iTFBM      0.2186      0.1391      0.1895      0.1855  16 [-0.300000, -0.200000]
 iBF        0.3190      0.2855      0.3010      0.3003  16 [-0.300000, -0.200000]
 iBFBZ      0.3214      0.2831      0.3019      0.3022  16 [-0.300000, -0.200000]
 iIF        0.0905      0.0502      0.0767      0.0775  16 [-0.300000, -0.200000]
 iIF2       0.0978      0.0810      0.0851      0.0837  16 [-0.300000, -0.200000]
 iISF       0.0770      0.0410      0.0630      0.0631  16 [-0.300000, -0.200000]
-------------------------------------------------------------------------
>> STATS for tests_out/it47_test.bin
 #polynomials = 100    deg = 21    X = [-0.300000 , -0.200000]
>> [EVAL_TIME]
Form         max          min         mean       median  deg         X
-------------------------------------------------------------------------
 iHF        0.0301      0.0170      0.0266      0.0268  21 [-0.300000, -0.200000]
 iHFBZ      0.0306      0.0269      0.0280      0.0278  21 [-0.300000, -0.200000]
 iMVF       0.0675      0.0436      0.0593      0.0573  21 [-0.300000, -0.200000]
 iSF        0.0847      0.0724      0.0751      0.0743  21 [-0.300000, -0.200000]
 iMVFBC     0.0810      0.0767      0.0781      0.0780  21 [-0.300000, -0.200000]
 iTF        0.3185      0.2377      0.2784      0.2722  21 [-0.300000, -0.200000]
 iTFBM      0.2972      0.2796      0.2894      0.2889  21 [-0.300000, -0.200000]
 iBF        0.4964      0.3932      0.4739      0.4777  21 [-0.300000, -0.200000]
 iBFBZ      0.4864      0.4610      0.4775      0.4778  21 [-0.300000, -0.200000]
 iIF        0.1183      0.0639      0.1010      0.0990  21 [-0.300000, -0.200000]
 iIF2       0.1093      0.0742      0.0991      0.1029  21 [-0.300000, -0.200000]
 iISF       0.0811      0.0550      0.0753      0.0793  21 [-0.300000, -0.200000]
-------------------------------------------------------------------------
>> STATS for tests_out/it48_test.bin
 #polynomials = 100    deg = 26    X = [-0.300000 , -0.200000]
>> [EVAL_TIME]
Form         max          min         mean       median  deg         X
-------------------------------------------------------------------------
 iHF        0.0426      0.0205      0.0303      0.0317  26 [-0.300000, -0.200000]
 iHFBZ      0.0363      0.0211      0.0317      0.0328  26 [-0.300000, -0.200000]
 iMVF       0.0851      0.0506      0.0709      0.0695  26 [-0.300000, -0.200000]
 iSF        0.1077      0.0777      0.0923      0.0900  26 [-0.300000, -0.200000]
 iMVFBC     0.0993      0.0933      0.0952      0.0949  26 [-0.300000, -0.200000]
 iTF        0.4757      0.3910      0.4017      0.3961  26 [-0.300000, -0.200000]
 iTFBM      0.5017      0.3435      0.4197      0.4144  26 [-0.300000, -0.200000]
 iBF        0.7096      0.5987      0.6939      0.6949  26 [-0.300000, -0.200000]
 iBFBZ      0.7130      0.5619      0.6768      0.6943  26 [-0.300000, -0.200000]
 iIF        0.1454      0.1037      0.1244      0.1215  26 [-0.300000, -0.200000]
 iIF2       0.1314      0.1235      0.1266      0.1264  26 [-0.300000, -0.200000]
 iISF       0.0983      0.0944      0.0961      0.0962  26 [-0.300000, -0.200000]
-------------------------------------------------------------------------
>> STATS for tests_out/it49_test.bin
 #polynomials = 100    deg = 31    X = [-0.300000 , -0.200000]
>> [EVAL_TIME]
Form         max          min         mean       median  deg         X
-------------------------------------------------------------------------
 iHF        0.0415      0.0370      0.0383      0.0381  31 [-0.300000, -0.200000]
 iHFBZ      0.0416      0.0381      0.0391      0.0388  31 [-0.300000, -0.200000]
 iMVF       0.0966      0.0591      0.0833      0.0825  31 [-0.300000, -0.200000]
 iSF        0.1292      0.0732      0.1049      0.1059  31 [-0.300000, -0.200000]
 iMVFBC     0.1499      0.1101      0.1129      0.1115  31 [-0.300000, -0.200000]
 iTF        0.6466      0.4541      0.5414      0.5441  31 [-0.300000, -0.200000]
 iTFBM      0.6638      0.4396      0.5657      0.5744  31 [-0.300000, -0.200000]
 iBF        0.9660      0.7873      0.9348      0.9495  31 [-0.300000, -0.200000]
 iBFBZ      0.9837      0.7498      0.9496      0.9595  31 [-0.300000, -0.200000]
 iIF        0.1425      0.1390      0.1404      0.1403  31 [-0.300000, -0.200000]
 iIF2       0.1525      0.1310      0.1458      0.1454  31 [-0.300000, -0.200000]
 iISF       0.1329      0.0719      0.1072      0.1109  31 [-0.300000, -0.200000]
-------------------------------------------------------------------------
>> STATS for tests_out/it51_test.bin
 #polynomials = 100    deg = 4     X = [0.200000 , 0.300000]
>> [EVAL_TIME]
Form         max          min         mean       median  deg         X
-------------------------------------------------------------------------
 iHF        0.0075      0.0066      0.0069      0.0069   4 [0.200000, 0.300000]
 iHFBZ      0.0088      0.0075      0.0078      0.0077   4 [0.200000, 0.300000]
 iMVF       0.0141      0.0132      0.0135      0.0135   4 [0.200000, 0.300000]
 iSF        0.0183      0.0166      0.0172      0.0171   4 [0.200000, 0.300000]
 iMVFBC     0.0229      0.0184      0.0199      0.0189   4 [0.200000, 0.300000]
 iTF        0.0264      0.0145      0.0248      0.0257   4 [0.200000, 0.300000]
 iTFBM      0.0283      0.0266      0.0271      0.0271   4 [0.200000, 0.300000]
 iBF        0.0469      0.0254      0.0412      0.0405   4 [0.200000, 0.300000]
 iBFBZ      0.0475      0.0262      0.0401      0.0405   4 [0.200000, 0.300000]
 iIF        0.0365      0.0257      0.0263      0.0262   4 [0.200000, 0.300000]
 iIF2       0.0329      0.0306      0.0312      0.0312   4 [0.200000, 0.300000]
 iISF       0.0259      0.0241      0.0245      0.0244   4 [0.200000, 0.300000]
-------------------------------------------------------------------------
>> STATS for tests_out/it52_test.bin
 #polynomials = 100    deg = 5     X = [0.200000 , 0.300000]
>> [EVAL_TIME]
Form         max          min         mean       median  deg         X
-------------------------------------------------------------------------
 iHF        0.0089      0.0050      0.0069      0.0073   5 [0.200000, 0.300000]
 iHFBZ      0.0101      0.0084      0.0091      0.0090   5 [0.200000, 0.300000]
 iMVF       0.0204      0.0182      0.0187      0.0187   5 [0.200000, 0.300000]
 iSF        0.0255      0.0195      0.0228      0.0235   5 [0.200000, 0.300000]
 iMVFBC     0.0271      0.0143      0.0254      0.0262   5 [0.200000, 0.300000]
 iTF        0.0313      0.0290      0.0296      0.0295   5 [0.200000, 0.300000]
 iTFBM      0.0373      0.0347      0.0353      0.0353   5 [0.200000, 0.300000]
 iBF        0.0545      0.0340      0.0515      0.0523   5 [0.200000, 0.300000]
 iBFBZ      0.0546      0.0370      0.0515      0.0530   5 [0.200000, 0.300000]
 iIF        0.0615      0.0298      0.0308      0.0304   5 [0.200000, 0.300000]
 iIF2       0.0369      0.0227      0.0339      0.0354   5 [0.200000, 0.300000]
 iISF       0.0297      0.0276      0.0283      0.0281   5 [0.200000, 0.300000]
-------------------------------------------------------------------------
>> STATS for tests_out/it53_test.bin
 #polynomials = 100    deg = 6     X = [0.200000 , 0.300000]
>> [EVAL_TIME]
Form         max          min         mean       median  deg         X
-------------------------------------------------------------------------
 iHF        0.0118      0.0091      0.0103      0.0104   6 [0.200000, 0.300000]
 iHFBZ      0.0115      0.0097      0.0101      0.0101   6 [0.200000, 0.300000]
 iMVF       0.0198      0.0181      0.0187      0.0185   6 [0.200000, 0.300000]
 iSF        0.0263      0.0151      0.0221      0.0235   6 [0.200000, 0.300000]
 iMVFBC     0.0277      0.0165      0.0251      0.0256   6 [0.200000, 0.300000]
 iTF        0.0457      0.0240      0.0398      0.0379   6 [0.200000, 0.300000]
 iTFBM      0.0465      0.0433      0.0441      0.0438   6 [0.200000, 0.300000]
 iBF        0.0697      0.0663      0.0675      0.0674   6 [0.200000, 0.300000]
 iBFBZ      0.0719      0.0671      0.0683      0.0680   6 [0.200000, 0.300000]
 iIF        0.0426      0.0226      0.0348      0.0348   6 [0.200000, 0.300000]
 iIF2       0.0426      0.0390      0.0401      0.0399   6 [0.200000, 0.300000]
 iISF       0.0337      0.0304      0.0313      0.0311   6 [0.200000, 0.300000]
-------------------------------------------------------------------------
>> STATS for tests_out/it54_test.bin
 #polynomials = 100    deg = 7     X = [0.200000 , 0.300000]
>> [EVAL_TIME]
Form         max          min         mean       median  deg         X
-------------------------------------------------------------------------
 iHF        0.0118      0.0100      0.0105      0.0104   7 [0.200000, 0.300000]
 iHFBZ      0.0126      0.0108      0.0113      0.0111   7 [0.200000, 0.300000]
 iMVF       0.0234      0.0206      0.0213      0.0212   7 [0.200000, 0.300000]
 iSF        0.0299      0.0265      0.0276      0.0275   7 [0.200000, 0.300000]
 iMVFBC     0.0318      0.0288      0.0296      0.0295   7 [0.200000, 0.300000]
 iTF        0.0496      0.0460      0.0473      0.0473   7 [0.200000, 0.300000]
 iTFBM      0.0564      0.0535      0.0546      0.0546   7 [0.200000, 0.300000]
 iBF        0.0973      0.0572      0.0853      0.0838   7 [0.200000, 0.300000]
 iBFBZ      0.0982      0.0603      0.0884      0.0851   7 [0.200000, 0.300000]
 iIF        0.0500      0.0383      0.0415      0.0400   7 [0.200000, 0.300000]
 iIF2       0.0552      0.0516      0.0528      0.0528   7 [0.200000, 0.300000]
 iISF       0.0417      0.0282      0.0393      0.0393   7 [0.200000, 0.300000]
-------------------------------------------------------------------------
>> STATS for tests_out/it55_test.bin
 #polynomials = 100    deg = 11    X = [0.200000 , 0.300000]
>> [EVAL_TIME]
Form         max          min         mean       median  deg         X
-------------------------------------------------------------------------
 iHF        0.0157      0.0143      0.0147      0.0146  11 [0.200000, 0.300000]
 iHFBZ      0.0175      0.0153      0.0156      0.0155  11 [0.200000, 0.300000]
 iMVF       0.0376      0.0199      0.0337      0.0359  11 [0.200000, 0.300000]
 iSF        0.0422      0.0367      0.0402      0.0400  11 [0.200000, 0.300000]
 iMVFBC     0.0446      0.0425      0.0436      0.0435  11 [0.200000, 0.300000]
 iTF        0.1098      0.0688      0.0863      0.0915  11 [0.200000, 0.300000]
 iTFBM      0.1070      0.1021      0.1036      0.1035  11 [0.200000, 0.300000]
 iBF        0.1895      0.1542      0.1677      0.1643  11 [0.200000, 0.300000]
 iBFBZ      0.1698      0.1461      0.1649      0.1650  11 [0.200000, 0.300000]
 iIF        0.0598      0.0556      0.0565      0.0564  11 [0.200000, 0.300000]
 iIF2       0.0724      0.0406      0.0624      0.0612  11 [0.200000, 0.300000]
 iISF       0.0617      0.0468      0.0488      0.0474  11 [0.200000, 0.300000]
-------------------------------------------------------------------------
>> STATS for tests_out/it56_test.bin
 #polynomials = 100    deg = 16    X = [0.200000 , 0.300000]
>> [EVAL_TIME]
Form         max          min         mean       median  deg         X
-------------------------------------------------------------------------
 iHF        0.0273      0.0189      0.0219      0.0207  16 [0.200000, 0.300000]
 iHFBZ      0.0271      0.0137      0.0217      0.0215  16 [0.200000, 0.300000]
 iMVF       0.0498      0.0430      0.0441      0.0439  16 [0.200000, 0.300000]
 iSF        0.0627      0.0549      0.0562      0.0557  16 [0.200000, 0.300000]
 iMVFBC     0.0759      0.0502      0.0637      0.0610  16 [0.200000, 0.300000]
 iTF        0.1765      0.1271      0.1644      0.1695  16 [0.200000, 0.300000]
 iTFBM      0.1917      0.1820      0.1846      0.1842  16 [0.200000, 0.300000]
 iBF        0.3502      0.2360      0.2981      0.2996  16 [0.200000, 0.300000]
 iBFBZ      0.3116      0.2277      0.2938      0.2994  16 [0.200000, 0.300000]
 iIF        0.0799      0.0561      0.0766      0.0768  16 [0.200000, 0.300000]
 iIF2       0.0847      0.0546      0.0774      0.0814  16 [0.200000, 0.300000]
 iISF       0.0649      0.0439      0.0620      0.0633  16 [0.200000, 0.300000]
-------------------------------------------------------------------------
>> STATS for tests_out/it57_test.bin
 #polynomials = 100    deg = 21    X = [0.200000 , 0.300000]
>> [EVAL_TIME]
Form         max          min         mean       median  deg         X
-------------------------------------------------------------------------
 iHF        0.0394      0.0256      0.0279      0.0268  21 [0.200000, 0.300000]
 iHFBZ      0.0283      0.0262      0.0267      0.0266  21 [0.200000, 0.300000]
 iMVF       0.0678      0.0429      0.0575      0.0560  21 [0.200000, 0.300000]
 iSF        0.0875      0.0466      0.0719      0.0727  21 [0.200000, 0.300000]
 iMVFBC     0.0794      0.0551      0.0767      0.0779  21 [0.200000, 0.300000]
 iTF        0.2981      0.2125      0.2673      0.2713  21 [0.200000, 0.300000]
 iTFBM      0.3414      0.2321      0.2819      0.2869  21 [0.200000, 0.300000]
 iBF        0.5830      0.4019      0.4835      0.4756  21 [0.200000, 0.300000]
 iBFBZ      0.5893      0.3856      0.4845      0.4777  21 [0.200000, 0.300000]
 iIF        0.1192      0.0711      0.1003      0.0994  21 [0.200000, 0.300000]
 iIF2       0.1096      0.0742      0.1024      0.1052  21 [0.200000, 0.300000]
 iISF       0.0911      0.0527      0.0779      0.0801  21 [0.200000, 0.300000]
-------------------------------------------------------------------------
>> STATS for tests_out/it58_test.bin
 #polynomials = 100    deg = 26    X = [0.200000 , 0.300000]
>> [EVAL_TIME]
Form         max          min         mean       median  deg         X
-------------------------------------------------------------------------
 iHF        0.0418      0.0293      0.0345      0.0328  26 [0.200000, 0.300000]
 iHFBZ      0.0413      0.0287      0.0357      0.0339  26 [0.200000, 0.300000]
 iMVF       0.0861      0.0444      0.0730      0.0703  26 [0.200000, 0.300000]
 iSF        0.1059      0.0827      0.0916      0.0903  26 [0.200000, 0.300000]
 iMVFBC     0.1169      0.0758      0.0966      0.0952  26 [0.200000, 0.300000]
 iTF        0.4087      0.3545      0.3941      0.3941  26 [0.200000, 0.300000]
 iTFBM      0.4375      0.4152      0.4205      0.4201  26 [0.200000, 0.300000]
 iBF        0.9519      0.6977      0.7160      0.7076  26 [0.200000, 0.300000]
 iBFBZ      0.7152      0.4420      0.6412      0.7032  26 [0.200000, 0.300000]
 iIF        0.1198      0.0757      0.0806      0.0770  26 [0.200000, 0.300000]
 iIF2       0.1261      0.0786      0.0934      0.0801  26 [0.200000, 0.300000]
 iISF       0.1106      0.0610      0.0781      0.0696  26 [0.200000, 0.300000]
-------------------------------------------------------------------------
>> STATS for tests_out/it59_test.bin
 #polynomials = 100    deg = 31    X = [0.200000 , 0.300000]
>> [EVAL_TIME]
Form         max          min         mean       median  deg         X
-------------------------------------------------------------------------
 iHF        0.0684      0.0244      0.0370      0.0378  31 [0.200000, 0.300000]
 iHFBZ      0.0513      0.0247      0.0357      0.0383  31 [0.200000, 0.300000]
 iMVF       0.1091      0.0527      0.0734      0.0813  31 [0.200000, 0.300000]
 iSF        0.1445      0.0678      0.0878      0.0826  31 [0.200000, 0.300000]
 iMVFBC     0.1268      0.0728      0.0893      0.0750  31 [0.200000, 0.300000]
 iTF        0.5505      0.3494      0.4604      0.5100  31 [0.200000, 0.300000]
 iTFBM      0.5900      0.3713      0.4920      0.5646  31 [0.200000, 0.300000]
 iBF        1.1980      0.6260      0.9339      0.9727  31 [0.200000, 0.300000]
 iBFBZ      1.2237      0.6329      0.8214      0.8285  31 [0.200000, 0.300000]
 iIF        0.2149      0.1295      0.1498      0.1442  31 [0.200000, 0.300000]
 iIF2       0.1835      0.0961      0.1359      0.1485  31 [0.200000, 0.300000]
 iISF       0.1405      0.0735      0.0997      0.1130  31 [0.200000, 0.300000]
-------------------------------------------------------------------------
