>> STATS for tests_out/u11_test.bin
 #polynomials = 100    deg = 4     X = [-0.030000 , 0.020000]
>> [DISTANCE]
Form         max          min         mean       median  deg         X
-------------------------------------------------------------------------
 HF         56.975       0.369       6.678       2.294   4 [-0.030000, 0.020000]
 HFBZ       36.107       0.216       3.500       1.181   4 [-0.030000, 0.020000]
 MVF        75.238       0.628      11.096       4.725   4 [-0.030000, 0.020000]
 SF         49.998       0.305       6.620       2.291   4 [-0.030000, 0.020000]
 MVFBC      74.747       0.000       2.993       0.000   4 [-0.030000, 0.020000]
 TF         50.530       0.307       6.704       2.311   4 [-0.030000, 0.020000]
 TFBM       24.626       0.149       3.283       1.110   4 [-0.030000, 0.020000]
 BF         23.983       0.000       0.770       0.000   4 [-0.030000, 0.020000]
 BFBZ        6.798       0.000       0.196       0.000   4 [-0.030000, 0.020000]
 IF         15.371       0.006       0.842       0.166   4 [-0.030000, 0.020000]
 IF2        11.479       0.006       0.681       0.166   4 [-0.030000, 0.020000]
 ISF         5.979       0.000       0.246       0.013   4 [-0.030000, 0.020000]
-------------------------------------------------------------------------
>> STATS for tests_out/u12_test.bin
 #polynomials = 100    deg = 5     X = [-0.030000 , 0.020000]
>> [DISTANCE]
Form         max          min         mean       median  deg         X
-------------------------------------------------------------------------
 HF         39.850       0.050       4.033       2.325   5 [-0.030000, 0.020000]
 HFBZ       14.445       0.019       1.927       1.144   5 [-0.030000, 0.020000]
 MVF        65.391       0.128       7.845       4.742   5 [-0.030000, 0.020000]
 SF         45.716       0.061       4.284       2.367   5 [-0.030000, 0.020000]
 MVFBC      50.655       0.000       0.641       0.000   5 [-0.030000, 0.020000]
 TF         45.986       0.061       4.320       2.375   5 [-0.030000, 0.020000]
 TFBM       25.464       0.000       2.248       1.173   5 [-0.030000, 0.020000]
 BF          8.650       0.000       0.092       0.000   5 [-0.030000, 0.020000]
 BFBZ        1.465       0.000       0.017       0.000   5 [-0.030000, 0.020000]
 IF          8.230       0.007       0.472       0.193   5 [-0.030000, 0.020000]
 IF2         8.230       0.007       0.452       0.193   5 [-0.030000, 0.020000]
 ISF         1.787       0.000       0.099       0.017   5 [-0.030000, 0.020000]
-------------------------------------------------------------------------
>> STATS for tests_out/u13_test.bin
 #polynomials = 100    deg = 6     X = [-0.030000 , 0.020000]
>> [DISTANCE]
Form         max          min         mean       median  deg         X
-------------------------------------------------------------------------
 HF         42.083       0.072       5.445       2.586   6 [-0.030000, 0.020000]
 HFBZ       30.103       0.005       2.920       1.381   6 [-0.030000, 0.020000]
 MVF        62.294       0.344       9.782       5.239   6 [-0.030000, 0.020000]
 SF         43.411       0.043       5.514       2.623   6 [-0.030000, 0.020000]
 MVFBC      42.111       0.000       0.609       0.000   6 [-0.030000, 0.020000]
 TF         43.583       0.045       5.562       2.691   6 [-0.030000, 0.020000]
 TFBM       25.308       0.002       2.988       1.356   6 [-0.030000, 0.020000]
 BF          5.584       0.000       0.083       0.000   6 [-0.030000, 0.020000]
 BFBZ        1.226       0.000       0.024       0.000   6 [-0.030000, 0.020000]
 IF          4.478       0.020       0.471       0.225   6 [-0.030000, 0.020000]
 IF2         4.478       0.020       0.459       0.225   6 [-0.030000, 0.020000]
 ISF         1.918       0.000       0.132       0.022   6 [-0.030000, 0.020000]
-------------------------------------------------------------------------
>> STATS for tests_out/u14_test.bin
 #polynomials = 100    deg = 7     X = [-0.030000 , 0.020000]
>> [DISTANCE]
Form         max          min         mean       median  deg         X
-------------------------------------------------------------------------
 HF         53.066       0.057       4.839       2.167   7 [-0.030000, 0.020000]
 HFBZ       35.770       0.031       2.434       1.058   7 [-0.030000, 0.020000]
 MVF        68.613       0.111       8.644       4.599   7 [-0.030000, 0.020000]
 SF         47.895       0.034       4.964       2.310   7 [-0.030000, 0.020000]
 MVFBC      59.817       0.000       1.945       0.000   7 [-0.030000, 0.020000]
 TF         48.061       0.070       4.997       2.310   7 [-0.030000, 0.020000]
 TFBM       24.531       0.035       2.578       1.144   7 [-0.030000, 0.020000]
 BF          8.169       0.000       0.236       0.000   7 [-0.030000, 0.020000]
 BFBZ        3.248       0.000       0.058       0.000   7 [-0.030000, 0.020000]
 IF          5.589       0.006       0.434       0.166   7 [-0.030000, 0.020000]
 IF2         4.085       0.006       0.366       0.166   7 [-0.030000, 0.020000]
 ISF         1.136       0.000       0.088       0.016   7 [-0.030000, 0.020000]
-------------------------------------------------------------------------
>> STATS for tests_out/u15_test.bin
 #polynomials = 100    deg = 11    X = [-0.030000 , 0.020000]
>> [DISTANCE]
Form         max          min         mean       median  deg         X
-------------------------------------------------------------------------
 HF         56.368       0.104       5.690       2.353  11 [-0.030000, 0.020000]
 HFBZ       35.430       0.008       3.069       1.093  11 [-0.030000, 0.020000]
 MVF        71.714       0.182       9.844       5.031  11 [-0.030000, 0.020000]
 SF         49.387       0.081       5.650       2.508  11 [-0.030000, 0.020000]
 MVFBC      67.660       0.000       1.639       0.000  11 [-0.030000, 0.020000]
 TF         49.886       0.095       5.697       2.519  11 [-0.030000, 0.020000]
 TFBM       23.661       0.047       2.917       1.265  11 [-0.030000, 0.020000]
 BF          6.845       0.000       0.143       0.000  11 [-0.030000, 0.020000]
 BFBZ        2.108       0.000       0.034       0.000  11 [-0.030000, 0.020000]
 IF          7.847       0.017       0.512       0.178  11 [-0.030000, 0.020000]
 IF2         3.711       0.017       0.444       0.178  11 [-0.030000, 0.020000]
 ISF         1.648       0.000       0.140       0.005  11 [-0.030000, 0.020000]
-------------------------------------------------------------------------
>> STATS for tests_out/u16_test.bin
 #polynomials = 100    deg = 16    X = [-0.030000 , 0.020000]
>> [DISTANCE]
Form         max          min         mean       median  deg         X
-------------------------------------------------------------------------
 HF         47.479       0.050       5.358       2.521  16 [-0.030000, 0.020000]
 HFBZ       33.724       0.022       2.928       1.333  16 [-0.030000, 0.020000]
 MVF        61.039       0.120       9.460       5.003  16 [-0.030000, 0.020000]
 SF         42.515       0.051       5.425       2.464  16 [-0.030000, 0.020000]
 MVFBC      39.571       0.000       0.837       0.000  16 [-0.030000, 0.020000]
 TF         42.516       0.055       5.464       2.465  16 [-0.030000, 0.020000]
 TFBM       24.770       0.027       2.975       1.207  16 [-0.030000, 0.020000]
 BF          1.791       0.000       0.034       0.000  16 [-0.030000, 0.020000]
 BFBZ        0.883       0.000       0.015       0.000  16 [-0.030000, 0.020000]
 IF          4.892       0.019       0.422       0.169  16 [-0.030000, 0.020000]
 IF2         4.773       0.019       0.407       0.169  16 [-0.030000, 0.020000]
 ISF         2.307       0.000       0.116       0.007  16 [-0.030000, 0.020000]
-------------------------------------------------------------------------
>> STATS for tests_out/u17_test.bin
 #polynomials = 100    deg = 21    X = [-0.030000 , 0.020000]
>> [DISTANCE]
Form         max          min         mean       median  deg         X
-------------------------------------------------------------------------
 HF         50.133       0.130       4.284       2.733  21 [-0.030000, 0.020000]
 HFBZ       35.309       0.034       2.334       1.243  21 [-0.030000, 0.020000]
 MVF        64.013       0.330       7.877       5.245  21 [-0.030000, 0.020000]
 SF         44.573       0.165       4.261       2.653  21 [-0.030000, 0.020000]
 MVFBC      47.664       0.000       0.477       0.000  21 [-0.030000, 0.020000]
 TF         45.478       0.165       4.328       2.697  21 [-0.030000, 0.020000]
 TFBM       25.854       0.063       2.259       1.366  21 [-0.030000, 0.020000]
 BF          1.836       0.000       0.018       0.000  21 [-0.030000, 0.020000]
 BFBZ        0.827       0.000       0.008       0.000  21 [-0.030000, 0.020000]
 IF          7.365       0.002       0.459       0.204  21 [-0.030000, 0.020000]
 IF2         5.128       0.002       0.436       0.204  21 [-0.030000, 0.020000]
 ISF         2.478       0.000       0.153       0.014  21 [-0.030000, 0.020000]
-------------------------------------------------------------------------
>> STATS for tests_out/u18_test.bin
 #polynomials = 100    deg = 26    X = [-0.030000 , 0.020000]
>> [DISTANCE]
Form         max          min         mean       median  deg         X
-------------------------------------------------------------------------
 HF         45.781       0.003       5.267       2.200  26 [-0.030000, 0.020000]
 HFBZ       18.320       0.002       2.039       1.030  26 [-0.030000, 0.020000]
 MVF        72.365       0.084       9.662       4.209  26 [-0.030000, 0.020000]
 SF         50.073       0.011       5.729       2.105  26 [-0.030000, 0.020000]
 MVFBC      67.718       0.000       2.965       0.000  26 [-0.030000, 0.020000]
 TF         50.530       0.012       5.779       2.142  26 [-0.030000, 0.020000]
 TFBM       25.424       0.001       2.891       1.068  26 [-0.030000, 0.020000]
 BF          2.848       0.000       0.107       0.000  26 [-0.030000, 0.020000]
 BFBZ        0.257       0.000       0.008       0.000  26 [-0.030000, 0.020000]
 IF         10.453       0.004       0.765       0.199  26 [-0.030000, 0.020000]
 IF2         6.357       0.004       0.603       0.199  26 [-0.030000, 0.020000]
 ISF         3.179       0.000       0.176       0.035  26 [-0.030000, 0.020000]
-------------------------------------------------------------------------
>> STATS for tests_out/u19_test.bin
 #polynomials = 100    deg = 31    X = [-0.030000 , 0.020000]
>> [DISTANCE]
Form         max          min         mean       median  deg         X
-------------------------------------------------------------------------
 HF         46.926       0.033       3.984       2.332  31 [-0.030000, 0.020000]
 HFBZ       33.166       0.000       2.130       1.053  31 [-0.030000, 0.020000]
 MVF        60.684       0.191       7.463       5.284  31 [-0.030000, 0.020000]
 SF         41.961       0.050       4.002       2.660  31 [-0.030000, 0.020000]
 MVFBC      39.090       0.000       0.391       0.000  31 [-0.030000, 0.020000]
 TF         42.004       0.050       4.041       2.722  31 [-0.030000, 0.020000]
 TFBM       24.442       0.002       2.105       1.364  31 [-0.030000, 0.020000]
 BF          0.764       0.000       0.008       0.000  31 [-0.030000, 0.020000]
 BFBZ        0.386       0.000       0.004       0.000  31 [-0.030000, 0.020000]
 IF         10.655       0.016       0.412       0.193  31 [-0.030000, 0.020000]
 IF2        10.655       0.016       0.394       0.193  31 [-0.030000, 0.020000]
 ISF         5.591       0.000       0.131       0.016  31 [-0.030000, 0.020000]
-------------------------------------------------------------------------
>> STATS for tests_out/u21_test.bin
 #polynomials = 100    deg = 4     X = [-0.015000 , 0.010000]
>> [DISTANCE]
Form         max          min         mean       median  deg         X
-------------------------------------------------------------------------
 HF         26.442       0.025       2.371       1.132   4 [-0.015000, 0.010000]
 HFBZ       17.734       0.005       1.312       0.583   4 [-0.015000, 0.010000]
 MVF        43.501       0.101       4.291       2.059   4 [-0.015000, 0.010000]
 SF         27.104       0.035       2.291       1.024   4 [-0.015000, 0.010000]
 MVFBC       0.000       0.000       0.000       0.000   4 [-0.015000, 0.010000]
 TF         27.444       0.035       2.303       1.049   4 [-0.015000, 0.010000]
 TFBM       15.900       0.010       1.197       0.522   4 [-0.015000, 0.010000]
 BF          0.000       0.000       0.000       0.000   4 [-0.015000, 0.010000]
 BFBZ        0.000       0.000       0.000       0.000   4 [-0.015000, 0.010000]
 IF          4.358       0.003       0.145       0.042   4 [-0.015000, 0.010000]
 IF2         4.358       0.003       0.145       0.042   4 [-0.015000, 0.010000]
 ISF         2.208       0.000       0.042       0.001   4 [-0.015000, 0.010000]
-------------------------------------------------------------------------
>> STATS for tests_out/u22_test.bin
 #polynomials = 100    deg = 5     X = [-0.015000 , 0.010000]
>> [DISTANCE]
Form         max          min         mean       median  deg         X
-------------------------------------------------------------------------
 HF         50.834       0.049       2.696       1.322   5 [-0.015000, 0.010000]
 HFBZ       35.408       0.020       1.474       0.631   5 [-0.015000, 0.010000]
 MVF        64.875       0.099       4.897       2.460   5 [-0.015000, 0.010000]
 SF         45.405       0.043       2.716       1.226   5 [-0.015000, 0.010000]
 MVFBC      50.735       0.000       0.507       0.000   5 [-0.015000, 0.010000]
 TF         45.412       0.043       2.726       1.229   5 [-0.015000, 0.010000]
 TFBM       24.634       0.018       1.426       0.617   5 [-0.015000, 0.010000]
 BF          8.921       0.000       0.089       0.000   5 [-0.015000, 0.010000]
 BFBZ        3.574       0.000       0.036       0.000   5 [-0.015000, 0.010000]
 IF          1.349       0.001       0.110       0.049   5 [-0.015000, 0.010000]
 IF2         0.878       0.001       0.103       0.049   5 [-0.015000, 0.010000]
 ISF         0.237       0.000       0.025       0.003   5 [-0.015000, 0.010000]
-------------------------------------------------------------------------
>> STATS for tests_out/u23_test.bin
 #polynomials = 100    deg = 6     X = [-0.015000 , 0.010000]
>> [DISTANCE]
Form         max          min         mean       median  deg         X
-------------------------------------------------------------------------
 HF         40.438       0.006       3.101       1.112   6 [-0.015000, 0.010000]
 HFBZ       28.740       0.000       1.692       0.596   6 [-0.015000, 0.010000]
 MVF        64.716       0.048       5.397       2.069   6 [-0.015000, 0.010000]
 SF         45.308       0.011       3.041       1.028   6 [-0.015000, 0.010000]
 MVFBC      49.608       0.000       0.632       0.000   6 [-0.015000, 0.010000]
 TF         45.414       0.011       3.054       1.054   6 [-0.015000, 0.010000]
 TFBM       25.078       0.000       1.620       0.529   6 [-0.015000, 0.010000]
 BF          7.721       0.000       0.095       0.000   6 [-0.015000, 0.010000]
 BFBZ        1.323       0.000       0.022       0.000   6 [-0.015000, 0.010000]
 IF          2.209       0.002       0.136       0.048   6 [-0.015000, 0.010000]
 IF2         2.027       0.002       0.127       0.048   6 [-0.015000, 0.010000]
 ISF         0.717       0.000       0.032       0.002   6 [-0.015000, 0.010000]
-------------------------------------------------------------------------
>> STATS for tests_out/u24_test.bin
 #polynomials = 100    deg = 7     X = [-0.015000 , 0.010000]
>> [DISTANCE]
Form         max          min         mean       median  deg         X
-------------------------------------------------------------------------
 HF         56.652       0.019       3.529       1.080   7 [-0.015000, 0.010000]
 HFBZ       34.340       0.001       1.886       0.571   7 [-0.015000, 0.010000]
 MVF        72.387       0.089       5.947       2.258   7 [-0.015000, 0.010000]
 SF         49.514       0.028       3.427       1.126   7 [-0.015000, 0.010000]
 MVFBC      69.485       0.000       1.288       0.000   7 [-0.015000, 0.010000]
 TF         49.514       0.028       3.454       1.131   7 [-0.015000, 0.010000]
 TFBM       22.458       0.005       1.678       0.562   7 [-0.015000, 0.010000]
 BF         11.541       0.000       0.189       0.000   7 [-0.015000, 0.010000]
 BFBZ        3.717       0.000       0.044       0.000   7 [-0.015000, 0.010000]
 IF         12.290       0.000       0.307       0.036   7 [-0.015000, 0.010000]
 IF2         6.507       0.000       0.227       0.036   7 [-0.015000, 0.010000]
 ISF         3.352       0.000       0.068       0.004   7 [-0.015000, 0.010000]
-------------------------------------------------------------------------
>> STATS for tests_out/u25_test.bin
 #polynomials = 100    deg = 11    X = [-0.015000 , 0.010000]
>> [DISTANCE]
Form         max          min         mean       median  deg         X
-------------------------------------------------------------------------
 HF         24.202       0.018       2.034       1.043  11 [-0.015000, 0.010000]
 HFBZ       15.978       0.001       1.135       0.546  11 [-0.015000, 0.010000]
 MVF        34.900       0.086       3.709       2.297  11 [-0.015000, 0.010000]
 SF         20.985       0.026       1.947       1.151  11 [-0.015000, 0.010000]
 MVFBC       0.000       0.000       0.000       0.000  11 [-0.015000, 0.010000]
 TF         20.986       0.026       1.964       1.156  11 [-0.015000, 0.010000]
 TFBM       11.627       0.005       1.011       0.579  11 [-0.015000, 0.010000]
 BF          0.000       0.000       0.000       0.000  11 [-0.015000, 0.010000]
 BFBZ        0.000       0.000       0.000       0.000  11 [-0.015000, 0.010000]
 IF          2.184       0.001       0.090       0.036  11 [-0.015000, 0.010000]
 IF2         2.184       0.001       0.090       0.036  11 [-0.015000, 0.010000]
 ISF         1.098       0.000       0.032       0.001  11 [-0.015000, 0.010000]
-------------------------------------------------------------------------
>> STATS for tests_out/u26_test.bin
 #polynomials = 100    deg = 16    X = [-0.015000 , 0.010000]
>> [DISTANCE]
Form         max          min         mean       median  deg         X
-------------------------------------------------------------------------
 HF         39.779       0.002       2.528       1.026  16 [-0.015000, 0.010000]
 HFBZ       18.522       0.000       1.294       0.484  16 [-0.015000, 0.010000]
 MVF        67.415       0.035       4.493       2.173  16 [-0.015000, 0.010000]
 SF         47.140       0.004       2.498       1.078  16 [-0.015000, 0.010000]
 MVFBC      57.355       0.000       0.574       0.000  16 [-0.015000, 0.010000]
 TF         47.175       0.004       2.510       1.082  16 [-0.015000, 0.010000]
 TFBM       23.458       0.000       1.292       0.535  16 [-0.015000, 0.010000]
 BF          3.348       0.000       0.033       0.000  16 [-0.015000, 0.010000]
 BFBZ        0.287       0.000       0.003       0.000  16 [-0.015000, 0.010000]
 IF          1.120       0.001       0.095       0.038  16 [-0.015000, 0.010000]
 IF2         1.120       0.001       0.092       0.038  16 [-0.015000, 0.010000]
 ISF         0.557       0.000       0.031       0.001  16 [-0.015000, 0.010000]
-------------------------------------------------------------------------
>> STATS for tests_out/u27_test.bin
 #polynomials = 100    deg = 21    X = [-0.015000 , 0.010000]
>> [DISTANCE]
Form         max          min         mean       median  deg         X
-------------------------------------------------------------------------
 HF         36.972       0.077       3.944       1.485  21 [-0.015000, 0.010000]
 HFBZ       25.099       0.025       2.041       0.848  21 [-0.015000, 0.010000]
 MVF        61.632       0.174       7.082       2.782  21 [-0.015000, 0.010000]
 SF         43.051       0.087       4.098       1.397  21 [-0.015000, 0.010000]
 MVFBC      41.051       0.000       0.982       0.000  21 [-0.015000, 0.010000]
 TF         43.052       0.087       4.116       1.401  21 [-0.015000, 0.010000]
 TFBM       24.928       0.042       2.241       0.705  21 [-0.015000, 0.010000]
 BF          1.496       0.000       0.032       0.000  21 [-0.015000, 0.010000]
 BFBZ        0.328       0.000       0.008       0.000  21 [-0.015000, 0.010000]
 IF          1.581       0.001       0.156       0.059  21 [-0.015000, 0.010000]
 IF2         1.207       0.001       0.147       0.059  21 [-0.015000, 0.010000]
 ISF         0.572       0.000       0.045       0.002  21 [-0.015000, 0.010000]
-------------------------------------------------------------------------
>> STATS for tests_out/u28_test.bin
 #polynomials = 100    deg = 26    X = [-0.015000 , 0.010000]
>> [DISTANCE]
Form         max          min         mean       median  deg         X
-------------------------------------------------------------------------
 HF         32.203       0.001       2.367       1.213  26 [-0.015000, 0.010000]
 HFBZ       15.700       0.000       1.217       0.596  26 [-0.015000, 0.010000]
 MVF        54.443       0.002       4.538       2.399  26 [-0.015000, 0.010000]
 SF         37.061       0.001       2.442       1.199  26 [-0.015000, 0.010000]
 MVFBC      16.151       0.000       0.162       0.000  26 [-0.015000, 0.010000]
 TF         37.150       0.001       2.454       1.206  26 [-0.015000, 0.010000]
 TFBM       22.568       0.000       1.286       0.607  26 [-0.015000, 0.010000]
 BF          0.363       0.000       0.004       0.000  26 [-0.015000, 0.010000]
 BFBZ        0.128       0.000       0.001       0.000  26 [-0.015000, 0.010000]
 IF          1.493       0.001       0.100       0.055  26 [-0.015000, 0.010000]
 IF2         1.332       0.001       0.098       0.055  26 [-0.015000, 0.010000]
 ISF         0.652       0.000       0.030       0.005  26 [-0.015000, 0.010000]
-------------------------------------------------------------------------
>> STATS for tests_out/u29_test.bin
 #polynomials = 100    deg = 31    X = [-0.015000 , 0.010000]
>> [DISTANCE]
Form         max          min         mean       median  deg         X
-------------------------------------------------------------------------
 HF         37.527       0.041       2.363       1.097  31 [-0.015000, 0.010000]
 HFBZ       26.486       0.001       1.308       0.487  31 [-0.015000, 0.010000]
 MVF        50.043       0.148       4.285       2.214  31 [-0.015000, 0.010000]
 SF         33.337       0.059       2.366       1.102  31 [-0.015000, 0.010000]
 MVFBC       0.092       0.000       0.001       0.000  31 [-0.015000, 0.010000]
 TF         33.397       0.059       2.379       1.109  31 [-0.015000, 0.010000]
 TFBM       20.046       0.002       1.274       0.558  31 [-0.015000, 0.010000]
 BF          0.003       0.000       0.000       0.000  31 [-0.015000, 0.010000]
 BFBZ        0.002       0.000       0.000       0.000  31 [-0.015000, 0.010000]
 IF          3.173       0.001       0.106       0.050  31 [-0.015000, 0.010000]
 IF2         3.173       0.001       0.106       0.050  31 [-0.015000, 0.010000]
 ISF         1.600       0.000       0.043       0.008  31 [-0.015000, 0.010000]
-------------------------------------------------------------------------
>> STATS for tests_out/u31_test.bin
 #polynomials = 100    deg = 4     X = [-0.010000 , 0.010000]
>> [DISTANCE]
Form         max          min         mean       median  deg         X
-------------------------------------------------------------------------
 HF         43.023       0.036       2.684       1.205   4 [-0.010000, 0.010000]
 HFBZ       25.260       0.018       1.428       0.605   4 [-0.010000, 0.010000]
 MVF        61.380       0.073       4.818       2.386   4 [-0.010000, 0.010000]
 SF         42.725       0.035       2.670       1.202   4 [-0.010000, 0.010000]
 MVFBC      39.677       0.000       0.397       0.000   4 [-0.010000, 0.010000]
 TF         43.023       0.036       2.684       1.205   4 [-0.010000, 0.010000]
 TFBM       25.260       0.018       1.428       0.605   4 [-0.010000, 0.010000]
 BF          9.356       0.000       0.094       0.000   4 [-0.010000, 0.010000]
 BFBZ        3.188       0.000       0.032       0.000   4 [-0.010000, 0.010000]
 IF          3.186       0.001       0.104       0.038   4 [-0.010000, 0.010000]
 IF2         2.324       0.001       0.096       0.038   4 [-0.010000, 0.010000]
 ISF         1.140       0.000       0.035       0.003   4 [-0.010000, 0.010000]
-------------------------------------------------------------------------
>> STATS for tests_out/u32_test.bin
 #polynomials = 100    deg = 5     X = [-0.010000 , 0.010000]
>> [DISTANCE]
Form         max          min         mean       median  deg         X
-------------------------------------------------------------------------
 HF         16.822       0.019       1.677       1.039   5 [-0.010000, 0.010000]
 HFBZ        9.062       0.009       0.852       0.517   5 [-0.010000, 0.010000]
 MVF        29.101       0.038       3.231       2.076   5 [-0.010000, 0.010000]
 SF         16.822       0.015       1.669       1.039   5 [-0.010000, 0.010000]
 MVFBC       0.000       0.000       0.000       0.000   5 [-0.010000, 0.010000]
 TF         16.822       0.019       1.677       1.039   5 [-0.010000, 0.010000]
 TFBM        9.062       0.009       0.852       0.517   5 [-0.010000, 0.010000]
 BF          0.000       0.000       0.000       0.000   5 [-0.010000, 0.010000]
 BFBZ        0.000       0.000       0.000       0.000   5 [-0.010000, 0.010000]
 IF          0.602       0.001       0.069       0.026   5 [-0.010000, 0.010000]
 IF2         0.602       0.001       0.069       0.026   5 [-0.010000, 0.010000]
 ISF         0.285       0.000       0.018       0.003   5 [-0.010000, 0.010000]
-------------------------------------------------------------------------
>> STATS for tests_out/u33_test.bin
 #polynomials = 100    deg = 6     X = [-0.010000 , 0.010000]
>> [DISTANCE]
Form         max          min         mean       median  deg         X
-------------------------------------------------------------------------
 HF         45.645       0.033       1.920       0.843   6 [-0.010000, 0.010000]
 HFBZ       25.199       0.011       0.993       0.421   6 [-0.010000, 0.010000]
 MVF        64.857       0.086       3.493       1.682   6 [-0.010000, 0.010000]
 SF         45.361       0.033       1.907       0.837   6 [-0.010000, 0.010000]
 MVFBC      50.032       0.000       0.500       0.000   6 [-0.010000, 0.010000]
 TF         45.645       0.033       1.920       0.843   6 [-0.010000, 0.010000]
 TFBM       25.199       0.011       0.993       0.421   6 [-0.010000, 0.010000]
 BF          7.814       0.000       0.078       0.000   6 [-0.010000, 0.010000]
 BFBZ        2.183       0.000       0.022       0.000   6 [-0.010000, 0.010000]
 IF          3.287       0.001       0.085       0.024   6 [-0.010000, 0.010000]
 IF2         2.184       0.001       0.074       0.024   6 [-0.010000, 0.010000]
 ISF         1.079       0.000       0.031       0.004   6 [-0.010000, 0.010000]
-------------------------------------------------------------------------
>> STATS for tests_out/u34_test.bin
 #polynomials = 100    deg = 7     X = [-0.010000 , 0.010000]
>> [DISTANCE]
Form         max          min         mean       median  deg         X
-------------------------------------------------------------------------
 HF         18.325       0.056       2.362       1.011   7 [-0.010000, 0.010000]
 HFBZ       10.086       0.027       1.224       0.508   7 [-0.010000, 0.010000]
 MVF        30.976       0.116       4.418       2.002   7 [-0.010000, 0.010000]
 SF         18.202       0.048       2.347       1.005   7 [-0.010000, 0.010000]
 MVFBC       0.000       0.000       0.000       0.000   7 [-0.010000, 0.010000]
 TF         18.325       0.056       2.362       1.011   7 [-0.010000, 0.010000]
 TFBM       10.086       0.027       1.224       0.508   7 [-0.010000, 0.010000]
 BF          0.000       0.000       0.000       0.000   7 [-0.010000, 0.010000]
 BFBZ        0.000       0.000       0.000       0.000   7 [-0.010000, 0.010000]
 IF          2.275       0.001       0.101       0.032   7 [-0.010000, 0.010000]
 IF2         2.275       0.001       0.101       0.032   7 [-0.010000, 0.010000]
 ISF         1.137       0.000       0.035       0.001   7 [-0.010000, 0.010000]
-------------------------------------------------------------------------
>> STATS for tests_out/u35_test.bin
 #polynomials = 100    deg = 11    X = [-0.010000 , 0.010000]
>> [DISTANCE]
Form         max          min         mean       median  deg         X
-------------------------------------------------------------------------
 HF         45.061       0.039       2.636       1.093  11 [-0.010000, 0.010000]
 HFBZ       24.941       0.020       1.400       0.549  11 [-0.010000, 0.010000]
 MVF        64.236       0.079       4.632       2.171  11 [-0.010000, 0.010000]
 SF         44.993       0.033       2.625       1.091  11 [-0.010000, 0.010000]
 MVFBC      48.700       0.000       0.836       0.000  11 [-0.010000, 0.010000]
 TF         45.061       0.039       2.636       1.093  11 [-0.010000, 0.010000]
 TFBM       24.941       0.020       1.400       0.549  11 [-0.010000, 0.010000]
 BF          3.706       0.000       0.059       0.000  11 [-0.010000, 0.010000]
 BFBZ        1.176       0.000       0.020       0.000  11 [-0.010000, 0.010000]
 IF          0.949       0.002       0.063       0.030  11 [-0.010000, 0.010000]
 IF2         0.949       0.002       0.060       0.030  11 [-0.010000, 0.010000]
 ISF         0.471       0.000       0.023       0.006  11 [-0.010000, 0.010000]
-------------------------------------------------------------------------
>> STATS for tests_out/u36_test.bin
 #polynomials = 100    deg = 16    X = [-0.010000 , 0.010000]
>> [DISTANCE]
Form         max          min         mean       median  deg         X
-------------------------------------------------------------------------
 HF         40.936       0.020       2.379       0.919  16 [-0.010000, 0.010000]
 HFBZ       24.374       0.007       1.259       0.461  16 [-0.010000, 0.010000]
 MVF        58.970       0.050       4.300       1.824  16 [-0.010000, 0.010000]
 SF         40.935       0.020       2.370       0.904  16 [-0.010000, 0.010000]
 MVFBC      32.722       0.000       0.327       0.000  16 [-0.010000, 0.010000]
 TF         40.936       0.020       2.379       0.919  16 [-0.010000, 0.010000]
 TFBM       24.374       0.007       1.259       0.461  16 [-0.010000, 0.010000]
 BF          1.454       0.000       0.015       0.000  16 [-0.010000, 0.010000]
 BFBZ        0.555       0.000       0.006       0.000  16 [-0.010000, 0.010000]
 IF          0.687       0.000       0.068       0.029  16 [-0.010000, 0.010000]
 IF2         0.687       0.000       0.066       0.029  16 [-0.010000, 0.010000]
 ISF         0.343       0.000       0.019       0.001  16 [-0.010000, 0.010000]
-------------------------------------------------------------------------
>> STATS for tests_out/u37_test.bin
 #polynomials = 100    deg = 21    X = [-0.010000 , 0.010000]
>> [DISTANCE]
Form         max          min         mean       median  deg         X
-------------------------------------------------------------------------
 HF         26.301       0.002       2.144       0.970  21 [-0.010000, 0.010000]
 HFBZ       15.141       0.000       1.119       0.486  21 [-0.010000, 0.010000]
 MVF        41.649       0.014       3.986       1.927  21 [-0.010000, 0.010000]
 SF         26.217       0.002       2.132       0.966  21 [-0.010000, 0.010000]
 MVFBC       0.000       0.000       0.000       0.000  21 [-0.010000, 0.010000]
 TF         26.301       0.002       2.144       0.970  21 [-0.010000, 0.010000]
 TFBM       15.141       0.000       1.119       0.486  21 [-0.010000, 0.010000]
 BF          0.000       0.000       0.000       0.000  21 [-0.010000, 0.010000]
 BFBZ        0.000       0.000       0.000       0.000  21 [-0.010000, 0.010000]
 IF          1.388       0.000       0.086       0.029  21 [-0.010000, 0.010000]
 IF2         1.388       0.000       0.086       0.029  21 [-0.010000, 0.010000]
 ISF         0.693       0.000       0.029       0.002  21 [-0.010000, 0.010000]
-------------------------------------------------------------------------
>> STATS for tests_out/u38_test.bin
 #polynomials = 100    deg = 26    X = [-0.010000 , 0.010000]
>> [DISTANCE]
Form         max          min         mean       median  deg         X
-------------------------------------------------------------------------
 HF         49.335       0.034       2.542       1.035  26 [-0.010000, 0.010000]
 HFBZ       15.967       0.017       1.220       0.520  26 [-0.010000, 0.010000]
 MVF        71.847       0.067       4.566       2.050  26 [-0.010000, 0.010000]
 SF         49.331       0.017       2.532       1.028  26 [-0.010000, 0.010000]
 MVFBC      68.210       0.000       0.682       0.000  26 [-0.010000, 0.010000]
 TF         49.335       0.034       2.542       1.035  26 [-0.010000, 0.010000]
 TFBM       15.967       0.017       1.220       0.520  26 [-0.010000, 0.010000]
 BF          2.901       0.000       0.029       0.000  26 [-0.010000, 0.010000]
 BFBZ        0.361       0.000       0.004       0.000  26 [-0.010000, 0.010000]
 IF          2.696       0.001       0.098       0.024  26 [-0.010000, 0.010000]
 IF2         1.256       0.001       0.082       0.024  26 [-0.010000, 0.010000]
 ISF         0.625       0.000       0.025       0.001  26 [-0.010000, 0.010000]
-------------------------------------------------------------------------
>> STATS for tests_out/u39_test.bin
 #polynomials = 100    deg = 31    X = [-0.010000 , 0.010000]
>> [DISTANCE]
Form         max          min         mean       median  deg         X
-------------------------------------------------------------------------
 HF         25.017       0.034       1.691       0.876  31 [-0.010000, 0.010000]
 HFBZ       14.093       0.017       0.876       0.437  31 [-0.010000, 0.010000]
 MVF        40.416       0.068       3.178       1.782  31 [-0.010000, 0.010000]
 SF         25.014       0.021       1.683       0.874  31 [-0.010000, 0.010000]
 MVFBC       0.000       0.000       0.000       0.000  31 [-0.010000, 0.010000]
 TF         25.017       0.034       1.691       0.876  31 [-0.010000, 0.010000]
 TFBM       14.093       0.017       0.876       0.437  31 [-0.010000, 0.010000]
 BF          0.000       0.000       0.000       0.000  31 [-0.010000, 0.010000]
 BFBZ        0.000       0.000       0.000       0.000  31 [-0.010000, 0.010000]
 IF          1.113       0.002       0.059       0.026  31 [-0.010000, 0.010000]
 IF2         1.113       0.002       0.059       0.026  31 [-0.010000, 0.010000]
 ISF         0.374       0.000       0.018       0.003  31 [-0.010000, 0.010000]
-------------------------------------------------------------------------
>> STATS for tests_out/u41_test.bin
 #polynomials = 100    deg = 4     X = [-0.030000 , -0.020000]
>> [DISTANCE]
Form         max          min         mean       median  deg         X
-------------------------------------------------------------------------
 HF         46.495       0.000       6.497       2.587   4 [-0.030000, -0.020000]
 HFBZ       46.495       0.000       6.497       2.587   4 [-0.030000, -0.020000]
 MVF        21.496       0.051       2.751       1.513   4 [-0.030000, -0.020000]
 SF         11.662       0.028       1.409       0.734   4 [-0.030000, -0.020000]
 MVFBC       0.000       0.000       0.000       0.000   4 [-0.030000, -0.020000]
 TF         10.941       0.018       1.383       0.715   4 [-0.030000, -0.020000]
 TFBM        5.787       0.009       0.702       0.359   4 [-0.030000, -0.020000]
 BF          0.000       0.000       0.000       0.000   4 [-0.030000, -0.020000]
 BFBZ        0.000       0.000       0.000       0.000   4 [-0.030000, -0.020000]
 IF          0.375       0.000       0.027       0.012   4 [-0.030000, -0.020000]
 IF2         0.375       0.000       0.027       0.012   4 [-0.030000, -0.020000]
 ISF         0.176       0.000       0.009       0.002   4 [-0.030000, -0.020000]
-------------------------------------------------------------------------
>> STATS for tests_out/u42_test.bin
 #polynomials = 100    deg = 5     X = [-0.030000 , -0.020000]
>> [DISTANCE]
Form         max          min         mean       median  deg         X
-------------------------------------------------------------------------
 HF         92.976       0.000       6.391       0.564   5 [-0.030000, -0.020000]
 HFBZ       92.976       0.000       6.391       0.564   5 [-0.030000, -0.020000]
 MVF        69.882       0.026       3.194       0.989   5 [-0.030000, -0.020000]
 SF         48.538       0.011       1.827       0.492   5 [-0.030000, -0.020000]
 MVFBC      63.870       0.000       0.639       0.000   5 [-0.030000, -0.020000]
 TF         48.685       0.011       1.801       0.486   5 [-0.030000, -0.020000]
 TFBM       20.305       0.005       0.893       0.244   5 [-0.030000, -0.020000]
 BF         14.261       0.000       0.143       0.000   5 [-0.030000, -0.020000]
 BFBZ       14.261       0.000       0.143       0.000   5 [-0.030000, -0.020000]
 IF          1.080       0.001       0.040       0.007   5 [-0.030000, -0.020000]
 IF2         0.666       0.001       0.035       0.007   5 [-0.030000, -0.020000]
 ISF         0.334       0.000       0.014       0.001   5 [-0.030000, -0.020000]
-------------------------------------------------------------------------
>> STATS for tests_out/u43_test.bin
 #polynomials = 100    deg = 6     X = [-0.030000 , -0.020000]
>> [DISTANCE]
Form         max          min         mean       median  deg         X
-------------------------------------------------------------------------
 HF         70.426       0.000       4.209       0.765   6 [-0.030000, -0.020000]
 HFBZ       70.426       0.000       4.209       0.765   6 [-0.030000, -0.020000]
 MVF        32.688       0.021       1.766       1.077   6 [-0.030000, -0.020000]
 SF         19.613       0.007       0.910       0.537   6 [-0.030000, -0.020000]
 MVFBC       0.000       0.000       0.000       0.000   6 [-0.030000, -0.020000]
 TF         19.765       0.001       0.889       0.509   6 [-0.030000, -0.020000]
 TFBM       10.966       0.000       0.457       0.255   6 [-0.030000, -0.020000]
 BF          0.000       0.000       0.000       0.000   6 [-0.030000, -0.020000]
 BFBZ        0.000       0.000       0.000       0.000   6 [-0.030000, -0.020000]
 IF          0.472       0.000       0.021       0.010   6 [-0.030000, -0.020000]
 IF2         0.472       0.000       0.021       0.010   6 [-0.030000, -0.020000]
 ISF         0.236       0.000       0.007       0.001   6 [-0.030000, -0.020000]
-------------------------------------------------------------------------
>> STATS for tests_out/u44_test.bin
 #polynomials = 100    deg = 7     X = [-0.030000 , -0.020000]
>> [DISTANCE]
Form         max          min         mean       median  deg         X
-------------------------------------------------------------------------
 HF         72.839       0.000       4.177       0.184   7 [-0.030000, -0.020000]
 HFBZ       72.839       0.000       4.177       0.184   7 [-0.030000, -0.020000]
 MVF        44.089       0.057       2.584       1.092   7 [-0.030000, -0.020000]
 SF         28.259       0.021       1.413       0.540   7 [-0.030000, -0.020000]
 MVFBC       0.000       0.000       0.000       0.000   7 [-0.030000, -0.020000]
 TF         28.259       0.009       1.395       0.529   7 [-0.030000, -0.020000]
 TFBM       16.441       0.004       0.741       0.265   7 [-0.030000, -0.020000]
 BF          0.000       0.000       0.000       0.000   7 [-0.030000, -0.020000]
 BFBZ        0.000       0.000       0.000       0.000   7 [-0.030000, -0.020000]
 IF          0.197       0.000       0.016       0.008   7 [-0.030000, -0.020000]
 IF2         0.197       0.000       0.016       0.008   7 [-0.030000, -0.020000]
 ISF         0.097       0.000       0.005       0.001   7 [-0.030000, -0.020000]
-------------------------------------------------------------------------
>> STATS for tests_out/u45_test.bin
 #polynomials = 100    deg = 11    X = [-0.030000 , -0.020000]
>> [DISTANCE]
Form         max          min         mean       median  deg         X
-------------------------------------------------------------------------
 HF         77.282       0.000       3.795       0.191  11 [-0.030000, -0.020000]
 HFBZ       77.282       0.000       3.795       0.191  11 [-0.030000, -0.020000]
 MVF        52.880       0.058       2.003       1.087  11 [-0.030000, -0.020000]
 SF         35.362       0.023       1.088       0.544  11 [-0.030000, -0.020000]
 MVFBC       9.190       0.000       0.092       0.000  11 [-0.030000, -0.020000]
 TF         34.111       0.005       1.052       0.544  11 [-0.030000, -0.020000]
 TFBM       20.556       0.002       0.562       0.272  11 [-0.030000, -0.020000]
 BF          0.250       0.000       0.002       0.000  11 [-0.030000, -0.020000]
 BFBZ        0.250       0.000       0.002       0.000  11 [-0.030000, -0.020000]
 IF          1.211       0.000       0.026       0.008  11 [-0.030000, -0.020000]
 IF2         1.201       0.000       0.026       0.008  11 [-0.030000, -0.020000]
 ISF         0.600       0.000       0.011       0.001  11 [-0.030000, -0.020000]
-------------------------------------------------------------------------
>> STATS for tests_out/u46_test.bin
 #polynomials = 100    deg = 16    X = [-0.030000 , -0.020000]
>> [DISTANCE]
Form         max          min         mean       median  deg         X
-------------------------------------------------------------------------
 HF         95.136       0.000       5.170       0.347  16 [-0.030000, -0.020000]
 HFBZ       95.136       0.000       5.170       0.347  16 [-0.030000, -0.020000]
 MVF        76.641       0.046       2.971       1.050  16 [-0.030000, -0.020000]
 SF         52.631       0.021       1.671       0.526  16 [-0.030000, -0.020000]
 MVFBC      76.267       0.000       0.763       0.000  16 [-0.030000, -0.020000]
 TF         50.470       0.003       1.638       0.526  16 [-0.030000, -0.020000]
 TFBM        8.395       0.000       0.604       0.262  16 [-0.030000, -0.020000]
 BF          6.159       0.000       0.062       0.000  16 [-0.030000, -0.020000]
 BFBZ        6.159       0.000       0.062       0.000  16 [-0.030000, -0.020000]
 IF          3.204       0.000       0.047       0.007  16 [-0.030000, -0.020000]
 IF2         1.856       0.000       0.033       0.007  16 [-0.030000, -0.020000]
 ISF         0.946       0.000       0.015       0.000  16 [-0.030000, -0.020000]
-------------------------------------------------------------------------
>> STATS for tests_out/u47_test.bin
 #polynomials = 100    deg = 21    X = [-0.030000 , -0.020000]
>> [DISTANCE]
Form         max          min         mean       median  deg         X
-------------------------------------------------------------------------
 HF         57.493       0.000       4.739       0.960  21 [-0.030000, -0.020000]
 HFBZ       57.493       0.000       4.739       0.960  21 [-0.030000, -0.020000]
 MVF        21.542       0.069       2.358       1.190  21 [-0.030000, -0.020000]
 SF         12.111       0.033       1.212       0.585  21 [-0.030000, -0.020000]
 MVFBC       0.000       0.000       0.000       0.000  21 [-0.030000, -0.020000]
 TF         12.190       0.009       1.187       0.565  21 [-0.030000, -0.020000]
 TFBM        6.491       0.001       0.605       0.283  21 [-0.030000, -0.020000]
 BF          0.000       0.000       0.000       0.000  21 [-0.030000, -0.020000]
 BFBZ        0.000       0.000       0.000       0.000  21 [-0.030000, -0.020000]
 IF          0.206       0.000       0.020       0.008  21 [-0.030000, -0.020000]
 IF2         0.206       0.000       0.020       0.008  21 [-0.030000, -0.020000]
 ISF         0.103       0.000       0.008       0.002  21 [-0.030000, -0.020000]
-------------------------------------------------------------------------
>> STATS for tests_out/u48_test.bin
 #polynomials = 100    deg = 26    X = [-0.030000 , -0.020000]
>> [DISTANCE]
Form         max          min         mean       median  deg         X
-------------------------------------------------------------------------
 HF         93.600       0.000       4.842       0.840  26 [-0.030000, -0.020000]
 HFBZ       93.600       0.000       4.842       0.840  26 [-0.030000, -0.020000]
 MVF        71.583       0.040       2.491       1.115  26 [-0.030000, -0.020000]
 SF         49.320       0.012       1.413       0.545  26 [-0.030000, -0.020000]
 MVFBC      68.014       0.000       0.680       0.000  26 [-0.030000, -0.020000]
 TF         49.707       0.016       1.405       0.537  26 [-0.030000, -0.020000]
 TFBM       16.697       0.008       0.632       0.268  26 [-0.030000, -0.020000]
 BF          2.984       0.000       0.030       0.000  26 [-0.030000, -0.020000]
 BFBZ        2.984       0.000       0.030       0.000  26 [-0.030000, -0.020000]
 IF          2.794       0.000       0.038       0.007  26 [-0.030000, -0.020000]
 IF2         1.655       0.000       0.027       0.007  26 [-0.030000, -0.020000]
 ISF         0.841       0.000       0.011       0.001  26 [-0.030000, -0.020000]
-------------------------------------------------------------------------
>> STATS for tests_out/u49_test.bin
 #polynomials = 100    deg = 31    X = [-0.030000 , -0.020000]
>> [DISTANCE]
Form         max          min         mean       median  deg         X
-------------------------------------------------------------------------
 HF         58.532       0.000       4.222       0.314  31 [-0.030000, -0.020000]
 HFBZ       58.532       0.000       4.222       0.314  31 [-0.030000, -0.020000]
 MVF        33.855       0.108       2.669       0.961  31 [-0.030000, -0.020000]
 SF         20.089       0.051       1.405       0.479  31 [-0.030000, -0.020000]
 MVFBC       0.000       0.000       0.000       0.000  31 [-0.030000, -0.020000]
 TF         19.481       0.039       1.383       0.468  31 [-0.030000, -0.020000]
 TFBM       10.791       0.018       0.714       0.234  31 [-0.030000, -0.020000]
 BF          0.000       0.000       0.000       0.000  31 [-0.030000, -0.020000]
 BFBZ        0.000       0.000       0.000       0.000  31 [-0.030000, -0.020000]
 IF          0.395       0.001       0.024       0.007  31 [-0.030000, -0.020000]
 IF2         0.395       0.001       0.024       0.007  31 [-0.030000, -0.020000]
 ISF         0.198       0.000       0.010       0.000  31 [-0.030000, -0.020000]
-------------------------------------------------------------------------
>> STATS for tests_out/u51_test.bin
 #polynomials = 100    deg = 4     X = [0.020000 , 0.030000]
>> [DISTANCE]
Form         max          min         mean       median  deg         X
-------------------------------------------------------------------------
 HF         57.841       0.000       4.521       1.259   4 [0.020000, 0.030000]
 HFBZ       57.841       0.000       4.521       1.259   4 [0.020000, 0.030000]
 MVF        35.328       0.056       2.751       1.107   4 [0.020000, 0.030000]
 SF         21.283       0.026       1.449       0.557   4 [0.020000, 0.030000]
 MVFBC       0.000       0.000       0.000       0.000   4 [0.020000, 0.030000]
 TF         20.916       0.004       1.409       0.519   4 [0.020000, 0.030000]
 TFBM       11.679       0.001       0.728       0.259   4 [0.020000, 0.030000]
 BF          0.000       0.000       0.000       0.000   4 [0.020000, 0.030000]
 BFBZ        0.000       0.000       0.000       0.000   4 [0.020000, 0.030000]
 IF          1.683       0.000       0.042       0.008   4 [0.020000, 0.030000]
 IF2         1.683       0.000       0.042       0.008   4 [0.020000, 0.030000]
 ISF         0.232       0.000       0.010       0.001   4 [0.020000, 0.030000]
-------------------------------------------------------------------------
>> STATS for tests_out/u52_test.bin
 #polynomials = 100    deg = 5     X = [0.020000 , 0.030000]
>> [DISTANCE]
Form         max          min         mean       median  deg         X
-------------------------------------------------------------------------
 HF         90.521       0.000       4.123       0.549   5 [0.020000, 0.030000]
 HFBZ       90.521       0.000       4.123       0.549   5 [0.020000, 0.030000]
 MVF        64.143       0.028       2.273       1.046   5 [0.020000, 0.030000]
 SF         44.960       0.008       1.273       0.516   5 [0.020000, 0.030000]
 MVFBC      48.628       0.000       0.486       0.000   5 [0.020000, 0.030000]
 TF         44.989       0.002       1.260       0.500   5 [0.020000, 0.030000]
 TFBM       24.862       0.001       0.657       0.249   5 [0.020000, 0.030000]
 BF          8.273       0.000       0.083       0.000   5 [0.020000, 0.030000]
 BFBZ        8.273       0.000       0.083       0.000   5 [0.020000, 0.030000]
 IF          0.521       0.000       0.022       0.006   5 [0.020000, 0.030000]
 IF2         0.521       0.000       0.022       0.006   5 [0.020000, 0.030000]
 ISF         0.261       0.000       0.009       0.000   5 [0.020000, 0.030000]
-------------------------------------------------------------------------
>> STATS for tests_out/u53_test.bin
 #polynomials = 100    deg = 6     X = [0.020000 , 0.030000]
>> [DISTANCE]
Form         max          min         mean       median  deg         X
-------------------------------------------------------------------------
 HF         93.934       0.000       6.121       0.970   6 [0.020000, 0.030000]
 HFBZ       93.934       0.000       6.121       0.970   6 [0.020000, 0.030000]
 MVF        72.872       0.080       3.403       1.020   6 [0.020000, 0.030000]
 SF         50.575       0.034       1.888       0.506   6 [0.020000, 0.030000]
 MVFBC      69.568       0.000       0.696       0.000   6 [0.020000, 0.030000]
 TF         49.265       0.024       1.844       0.506   6 [0.020000, 0.030000]
 TFBM       16.448       0.012       0.856       0.251   6 [0.020000, 0.030000]
 BF         12.261       0.000       0.123       0.000   6 [0.020000, 0.030000]
 BFBZ       12.261       0.000       0.123       0.000   6 [0.020000, 0.030000]
 IF          1.742       0.000       0.046       0.009   6 [0.020000, 0.030000]
 IF2         0.742       0.000       0.036       0.009   6 [0.020000, 0.030000]
 ISF         0.281       0.000       0.010       0.001   6 [0.020000, 0.030000]
-------------------------------------------------------------------------
>> STATS for tests_out/u54_test.bin
 #polynomials = 100    deg = 7     X = [0.020000 , 0.030000]
>> [DISTANCE]
Form         max          min         mean       median  deg         X
-------------------------------------------------------------------------
 HF         66.613       0.000       6.147       0.814   7 [0.020000, 0.030000]
 HFBZ       66.613       0.000       6.147       0.814   7 [0.020000, 0.030000]
 MVF        44.882       0.070       3.065       1.056   7 [0.020000, 0.030000]
 SF         28.853       0.027       1.652       0.520   7 [0.020000, 0.030000]
 MVFBC       0.000       0.000       0.000       0.000   7 [0.020000, 0.030000]
 TF         28.828       0.006       1.632       0.498   7 [0.020000, 0.030000]
 TFBM       16.803       0.003       0.858       0.250   7 [0.020000, 0.030000]
 BF          0.000       0.000       0.000       0.000   7 [0.020000, 0.030000]
 BFBZ        0.000       0.000       0.000       0.000   7 [0.020000, 0.030000]
 IF          0.262       0.000       0.021       0.009   7 [0.020000, 0.030000]
 IF2         0.262       0.000       0.021       0.009   7 [0.020000, 0.030000]
 ISF         0.050       0.000       0.005       0.002   7 [0.020000, 0.030000]
-------------------------------------------------------------------------
>> STATS for tests_out/u55_test.bin
 #polynomials = 100    deg = 11    X = [0.020000 , 0.030000]
>> [DISTANCE]
Form         max          min         mean       median  deg         X
-------------------------------------------------------------------------
 HF         34.196       0.000       3.833       0.465  11 [0.020000, 0.030000]
 HFBZ       34.196       0.000       3.833       0.465  11 [0.020000, 0.030000]
 MVF        26.953       0.063       1.812       0.958  11 [0.020000, 0.030000]
 SF         15.476       0.021       0.936       0.479  11 [0.020000, 0.030000]
 MVFBC       0.000       0.000       0.000       0.000  11 [0.020000, 0.030000]
 TF         15.453       0.003       0.925       0.460  11 [0.020000, 0.030000]
 TFBM        8.328       0.000       0.472       0.230  11 [0.020000, 0.030000]
 BF          0.000       0.000       0.000       0.000  11 [0.020000, 0.030000]
 BFBZ        0.000       0.000       0.000       0.000  11 [0.020000, 0.030000]
 IF          0.242       0.000       0.014       0.008  11 [0.020000, 0.030000]
 IF2         0.242       0.000       0.014       0.008  11 [0.020000, 0.030000]
 ISF         0.044       0.000       0.004       0.001  11 [0.020000, 0.030000]
-------------------------------------------------------------------------
>> STATS for tests_out/u56_test.bin
 #polynomials = 100    deg = 16    X = [0.020000 , 0.030000]
>> [DISTANCE]
Form         max          min         mean       median  deg         X
-------------------------------------------------------------------------
 HF         41.510       0.000       4.130       0.403  16 [0.020000, 0.030000]
 HFBZ       41.510       0.000       4.130       0.403  16 [0.020000, 0.030000]
 MVF        35.385       0.035       2.001       0.969  16 [0.020000, 0.030000]
 SF         21.384       0.018       1.043       0.489  16 [0.020000, 0.030000]
 MVFBC       0.000       0.000       0.000       0.000  16 [0.020000, 0.030000]
 TF         21.138       0.018       1.026       0.476  16 [0.020000, 0.030000]
 TFBM       11.818       0.009       0.529       0.238  16 [0.020000, 0.030000]
 BF          0.000       0.000       0.000       0.000  16 [0.020000, 0.030000]
 BFBZ        0.000       0.000       0.000       0.000  16 [0.020000, 0.030000]
 IF          0.174       0.001       0.014       0.008  16 [0.020000, 0.030000]
 IF2         0.174       0.001       0.014       0.008  16 [0.020000, 0.030000]
 ISF         0.087       0.000       0.006       0.001  16 [0.020000, 0.030000]
-------------------------------------------------------------------------
>> STATS for tests_out/u57_test.bin
 #polynomials = 100    deg = 21    X = [0.020000 , 0.030000]
>> [DISTANCE]
Form         max          min         mean       median  deg         X
-------------------------------------------------------------------------
 HF         94.001       0.000       4.363       0.987  21 [0.020000, 0.030000]
 HFBZ       94.001       0.000       4.363       0.987  21 [0.020000, 0.030000]
 MVF        73.147       0.031       2.370       1.187  21 [0.020000, 0.030000]
 SF         49.853       0.014       1.317       0.588  21 [0.020000, 0.030000]
 MVFBC      70.864       0.000       0.709       0.000  21 [0.020000, 0.030000]
 TF         49.739       0.007       1.286       0.569  21 [0.020000, 0.030000]
 TFBM       11.734       0.004       0.514       0.285  21 [0.020000, 0.030000]
 BF          4.032       0.000       0.040       0.000  21 [0.020000, 0.030000]
 BFBZ        4.032       0.000       0.040       0.000  21 [0.020000, 0.030000]
 IF          1.186       0.001       0.028       0.008  21 [0.020000, 0.030000]
 IF2         0.553       0.001       0.022       0.008  21 [0.020000, 0.030000]
 ISF         0.128       0.000       0.006       0.000  21 [0.020000, 0.030000]
-------------------------------------------------------------------------
>> STATS for tests_out/u58_test.bin
 #polynomials = 100    deg = 26    X = [0.020000 , 0.030000]
>> [DISTANCE]
Form         max          min         mean       median  deg         X
-------------------------------------------------------------------------
 HF         70.792       0.000       4.773       0.579  26 [0.020000, 0.030000]
 HFBZ       70.792       0.000       4.773       0.579  26 [0.020000, 0.030000]
 MVF        33.379       0.006       2.420       0.919  26 [0.020000, 0.030000]
 SF         19.276       0.003       1.280       0.460  26 [0.020000, 0.030000]
 MVFBC       0.000       0.000       0.000       0.000  26 [0.020000, 0.030000]
 TF         18.133       0.000       1.245       0.451  26 [0.020000, 0.030000]
 TFBM        9.895       0.000       0.646       0.225  26 [0.020000, 0.030000]
 BF          0.000       0.000       0.000       0.000  26 [0.020000, 0.030000]
 BFBZ        0.000       0.000       0.000       0.000  26 [0.020000, 0.030000]
 IF          1.549       0.000       0.040       0.006  26 [0.020000, 0.030000]
 IF2         1.549       0.000       0.040       0.006  26 [0.020000, 0.030000]
 ISF         0.780       0.000       0.015       0.001  26 [0.020000, 0.030000]
-------------------------------------------------------------------------
>> STATS for tests_out/u59_test.bin
 #polynomials = 100    deg = 31    X = [0.020000 , 0.030000]
>> [DISTANCE]
Form         max          min         mean       median  deg         X
-------------------------------------------------------------------------
 HF         84.688       0.000       6.400       0.338  31 [0.020000, 0.030000]
 HFBZ       84.688       0.000       6.400       0.338  31 [0.020000, 0.030000]
 MVF        52.926       0.050       3.591       1.145  31 [0.020000, 0.030000]
 SF         35.411       0.017       2.004       0.568  31 [0.020000, 0.030000]
 MVFBC      12.550       0.000       0.126       0.000  31 [0.020000, 0.030000]
 TF         34.532       0.003       1.958       0.566  31 [0.020000, 0.030000]
 TFBM       20.782       0.002       1.054       0.282  31 [0.020000, 0.030000]
 BF          0.125       0.000       0.001       0.000  31 [0.020000, 0.030000]
 BFBZ        0.125       0.000       0.001       0.000  31 [0.020000, 0.030000]
 IF          0.632       0.001       0.033       0.007  31 [0.020000, 0.030000]
 IF2         0.594       0.001       0.033       0.007  31 [0.020000, 0.030000]
 ISF         0.226       0.000       0.007       0.000  31 [0.020000, 0.030000]
-------------------------------------------------------------------------
