>> STATS for tests_out/iu11_test.bin
 #polynomials = 100    deg = 4     X = [-0.030000 , 0.020000]
>> [EVAL_TIME]
Form         max          min         mean       median  deg         X
-------------------------------------------------------------------------
 iHF        0.0171      0.0083      0.0134      0.0135   4 [-0.030000, 0.020000]
 iHFBZ      0.0103      0.0058      0.0092      0.0092   4 [-0.030000, 0.020000]
 iMVF       0.0379      0.0167      0.0253      0.0305   4 [-0.030000, 0.020000]
 iSF        0.0440      0.0216      0.0309      0.0334   4 [-0.030000, 0.020000]
 iMVFBC     0.0387      0.0351      0.0362      0.0362   4 [-0.030000, 0.020000]
 iTF        0.0520      0.0273      0.0342      0.0277   4 [-0.030000, 0.020000]
 iTFBM      0.0545      0.0330      0.0441      0.0518   4 [-0.030000, 0.020000]
 iBF        0.0828      0.0496      0.0653      0.0770   4 [-0.030000, 0.020000]
 iBFBZ      0.1811      0.0986      0.1383      0.1537   4 [-0.030000, 0.020000]
 iIF        0.1063      0.0323      0.0528      0.0511   4 [-0.030000, 0.020000]
 iIF2       0.0695      0.0586      0.0605      0.0601   4 [-0.030000, 0.020000]
 iISF       0.0491      0.0302      0.0446      0.0466   4 [-0.030000, 0.020000]
-------------------------------------------------------------------------
>> STATS for tests_out/iu12_test.bin
 #polynomials = 100    deg = 5     X = [-0.030000 , 0.020000]
>> [EVAL_TIME]
Form         max          min         mean       median  deg         X
-------------------------------------------------------------------------
 iHF        0.0178      0.0150      0.0160      0.0161   5 [-0.030000, 0.020000]
 iHFBZ      0.0108      0.0104      0.0106      0.0105   5 [-0.030000, 0.020000]
 iMVF       0.0339      0.0261      0.0318      0.0319   5 [-0.030000, 0.020000]
 iSF        0.0592      0.0254      0.0408      0.0407   5 [-0.030000, 0.020000]
 iMVFBC     0.0529      0.0281      0.0449      0.0444   5 [-0.030000, 0.020000]
 iTF        0.0910      0.0565      0.0623      0.0595   5 [-0.030000, 0.020000]
 iTFBM      0.0688      0.0469      0.0629      0.0669   5 [-0.030000, 0.020000]
 iBF        0.1045      0.0777      0.1004      0.1010   5 [-0.030000, 0.020000]
 iBFBZ      0.2345      0.1538      0.2039      0.2015   5 [-0.030000, 0.020000]
 iIF        0.0712      0.0570      0.0601      0.0584   5 [-0.030000, 0.020000]
 iIF2       0.0703      0.0665      0.0677      0.0677   5 [-0.030000, 0.020000]
 iISF       0.0633      0.0520      0.0538      0.0526   5 [-0.030000, 0.020000]
-------------------------------------------------------------------------
>> STATS for tests_out/iu13_test.bin
 #polynomials = 100    deg = 6     X = [-0.030000 , 0.020000]
>> [EVAL_TIME]
Form         max          min         mean       median  deg         X
-------------------------------------------------------------------------
 iHF        0.0212      0.0168      0.0176      0.0177   6 [-0.030000, 0.020000]
 iHFBZ      0.0185      0.0135      0.0137      0.0136   6 [-0.030000, 0.020000]
 iMVF       0.0441      0.0229      0.0357      0.0361   6 [-0.030000, 0.020000]
 iSF        0.0516      0.0296      0.0452      0.0464   6 [-0.030000, 0.020000]
 iMVFBC     0.0662      0.0337      0.0495      0.0501   6 [-0.030000, 0.020000]
 iTF        0.0868      0.0487      0.0754      0.0731   6 [-0.030000, 0.020000]
 iTFBM      0.0897      0.0824      0.0840      0.0837   6 [-0.030000, 0.020000]
 iBF        0.1491      0.1274      0.1316      0.1290   6 [-0.030000, 0.020000]
 iBFBZ      0.2658      0.2094      0.2585      0.2591   6 [-0.030000, 0.020000]
 iIF        0.0717      0.0658      0.0675      0.0675   6 [-0.030000, 0.020000]
 iIF2       0.0954      0.0753      0.0785      0.0773   6 [-0.030000, 0.020000]
 iISF       0.0639      0.0586      0.0599      0.0595   6 [-0.030000, 0.020000]
-------------------------------------------------------------------------
>> STATS for tests_out/iu14_test.bin
 #polynomials = 100    deg = 7     X = [-0.030000 , 0.020000]
>> [EVAL_TIME]
Form         max          min         mean       median  deg         X
-------------------------------------------------------------------------
 iHF        0.0216      0.0131      0.0198      0.0200   7 [-0.030000, 0.020000]
 iHFBZ      0.0164      0.0151      0.0154      0.0154   7 [-0.030000, 0.020000]
 iMVF       0.0492      0.0262      0.0412      0.0413   7 [-0.030000, 0.020000]
 iSF        0.0662      0.0519      0.0565      0.0552   7 [-0.030000, 0.020000]
 iMVFBC     0.0696      0.0556      0.0575      0.0573   7 [-0.030000, 0.020000]
 iTF        0.0969      0.0890      0.0909      0.0907   7 [-0.030000, 0.020000]
 iTFBM      0.1131      0.0712      0.1022      0.1044   7 [-0.030000, 0.020000]
 iBF        0.1668      0.1184      0.1582      0.1611   7 [-0.030000, 0.020000]
 iBFBZ      0.3829      0.2522      0.3196      0.3209   7 [-0.030000, 0.020000]
 iIF        0.0937      0.0494      0.0757      0.0758   7 [-0.030000, 0.020000]
 iIF2       0.1051      0.0627      0.0843      0.0849   7 [-0.030000, 0.020000]
 iISF       0.0679      0.0642      0.0652      0.0651   7 [-0.030000, 0.020000]
-------------------------------------------------------------------------
>> STATS for tests_out/iu15_test.bin
 #polynomials = 100    deg = 11    X = [-0.030000 , 0.020000]
>> [EVAL_TIME]
Form         max          min         mean       median  deg         X
-------------------------------------------------------------------------
 iHF        0.0359      0.0180      0.0292      0.0283  11 [-0.030000, 0.020000]
 iHFBZ      0.0185      0.0173      0.0174      0.0174  11 [-0.030000, 0.020000]
 iMVF       0.0754      0.0388      0.0621      0.0611  11 [-0.030000, 0.020000]
 iSF        0.0867      0.0635      0.0772      0.0776  11 [-0.030000, 0.020000]
 iMVFBC     0.0996      0.0821      0.0853      0.0837  11 [-0.030000, 0.020000]
 iTF        0.1846      0.1365      0.1741      0.1806  11 [-0.030000, 0.020000]
 iTFBM      0.2372      0.1503      0.1982      0.1989  11 [-0.030000, 0.020000]
 iBF        0.3255      0.2689      0.3144      0.3169  11 [-0.030000, 0.020000]
 iBFBZ      0.7452      0.5320      0.6425      0.6394  11 [-0.030000, 0.020000]
 iIF        0.1335      0.1061      0.1115      0.1082  11 [-0.030000, 0.020000]
 iIF2       0.1237      0.1157      0.1187      0.1188  11 [-0.030000, 0.020000]
 iISF       0.1684      0.0702      0.0968      0.0916  11 [-0.030000, 0.020000]
-------------------------------------------------------------------------
>> STATS for tests_out/iu16_test.bin
 #polynomials = 100    deg = 16    X = [-0.030000 , 0.020000]
>> [EVAL_TIME]
Form         max          min         mean       median  deg         X
-------------------------------------------------------------------------
 iHF        0.0475      0.0382      0.0411      0.0398  16 [-0.030000, 0.020000]
 iHFBZ      0.0254      0.0230      0.0234      0.0234  16 [-0.030000, 0.020000]
 iMVF       0.0878      0.0824      0.0844      0.0843  16 [-0.030000, 0.020000]
 iSF        0.1300      0.0923      0.1133      0.1113  16 [-0.030000, 0.020000]
 iMVFBC     0.1211      0.0860      0.1160      0.1167  16 [-0.030000, 0.020000]
 iTF        0.3874      0.3209      0.3369      0.3329  16 [-0.030000, 0.020000]
 iTFBM      0.4395      0.2931      0.3538      0.3558  16 [-0.030000, 0.020000]
 iBF        0.6057      0.5760      0.5874      0.5879  16 [-0.030000, 0.020000]
 iBFBZ      1.3506      0.9677      1.1563      1.1684  16 [-0.030000, 0.020000]
 iIF        0.1719      0.1151      0.1508      0.1502  16 [-0.030000, 0.020000]
 iIF2       0.1869      0.1227      0.1605      0.1598  16 [-0.030000, 0.020000]
 iISF       0.1379      0.0950      0.1219      0.1228  16 [-0.030000, 0.020000]
-------------------------------------------------------------------------
>> STATS for tests_out/iu17_test.bin
 #polynomials = 100    deg = 21    X = [-0.030000 , 0.020000]
>> [EVAL_TIME]
Form         max          min         mean       median  deg         X
-------------------------------------------------------------------------
 iHF        0.0595      0.0480      0.0497      0.0490  21 [-0.030000, 0.020000]
 iHFBZ      0.0387      0.0180      0.0284      0.0326  21 [-0.030000, 0.020000]
 iMVF       0.1219      0.1029      0.1086      0.1081  21 [-0.030000, 0.020000]
 iSF        0.1702      0.1008      0.1389      0.1403  21 [-0.030000, 0.020000]
 iMVFBC     0.1782      0.1027      0.1509      0.1485  21 [-0.030000, 0.020000]
 iTF        0.6215      0.4030      0.5227      0.5269  21 [-0.030000, 0.020000]
 iTFBM      0.6701      0.4520      0.5661      0.5649  21 [-0.030000, 0.020000]
 iBF        1.1037      0.7666      0.9199      0.9318  21 [-0.030000, 0.020000]
 iBFBZ      2.0627      1.5058      1.8381      1.8598  21 [-0.030000, 0.020000]
 iIF        0.1992      0.1888      0.1928      0.1930  21 [-0.030000, 0.020000]
 iIF2       0.2129      0.1985      0.2022      0.2021  21 [-0.030000, 0.020000]
 iISF       0.1665      0.1523      0.1552      0.1550  21 [-0.030000, 0.020000]
-------------------------------------------------------------------------
>> STATS for tests_out/iu18_test.bin
 #polynomials = 100    deg = 26    X = [-0.030000 , 0.020000]
>> [EVAL_TIME]
Form         max          min         mean       median  deg         X
-------------------------------------------------------------------------
 iHF        0.0643      0.0589      0.0607      0.0605  26 [-0.030000, 0.020000]
 iHFBZ      0.0374      0.0346      0.0354      0.0353  26 [-0.030000, 0.020000]
 iMVF       0.2157      0.1216      0.1343      0.1311  26 [-0.030000, 0.020000]
 iSF        0.2034      0.1687      0.1770      0.1730  26 [-0.030000, 0.020000]
 iMVFBC     0.1886      0.1785      0.1819      0.1813  26 [-0.030000, 0.020000]
 iTF        0.7875      0.7562      0.7725      0.7729  26 [-0.030000, 0.020000]
 iTFBM      0.9556      0.8024      0.8247      0.8207  26 [-0.030000, 0.020000]
 iBF        1.5538      1.3363      1.3713      1.3705  26 [-0.030000, 0.020000]
 iBFBZ      3.1321      2.6507      2.7399      2.7427  26 [-0.030000, 0.020000]
 iIF        0.2753      0.2301      0.2379      0.2353  26 [-0.030000, 0.020000]
 iIF2       0.2861      0.2385      0.2437      0.2425  26 [-0.030000, 0.020000]
 iISF       0.1917      0.1831      0.1865      0.1866  26 [-0.030000, 0.020000]
-------------------------------------------------------------------------
>> STATS for tests_out/iu19_test.bin
 #polynomials = 100    deg = 31    X = [-0.030000 , 0.020000]
>> [EVAL_TIME]
Form         max          min         mean       median  deg         X
-------------------------------------------------------------------------
 iHF        0.0748      0.0693      0.0714      0.0712  31 [-0.030000, 0.020000]
 iHFBZ      0.0504      0.0401      0.0411      0.0409  31 [-0.030000, 0.020000]
 iMVF       0.1876      0.1538      0.1577      0.1569  31 [-0.030000, 0.020000]
 iSF        0.2128      0.2005      0.2052      0.2050  31 [-0.030000, 0.020000]
 iMVFBC     0.2264      0.2140      0.2175      0.2171  31 [-0.030000, 0.020000]
 iTF        1.2064      1.0538      1.0674      1.0657  31 [-0.030000, 0.020000]
 iTFBM      1.3315      0.9092      1.1059      1.1140  31 [-0.030000, 0.020000]
 iBF        2.1251      1.5935      1.8607      1.8644  31 [-0.030000, 0.020000]
 iBFBZ      4.0011      3.2847      3.6748      3.7114  31 [-0.030000, 0.020000]
 iIF        0.2774      0.2208      0.2712      0.2724  31 [-0.030000, 0.020000]
 iIF2       0.3307      0.2154      0.2807      0.2829  31 [-0.030000, 0.020000]
 iISF       0.2266      0.1735      0.2153      0.2164  31 [-0.030000, 0.020000]
-------------------------------------------------------------------------
>> STATS for tests_out/iu21_test.bin
 #polynomials = 100    deg = 4     X = [-0.015000 , 0.010000]
>> [EVAL_TIME]
Form         max          min         mean       median  deg         X
-------------------------------------------------------------------------
 iHF        0.0230      0.0128      0.0138      0.0138   4 [-0.015000, 0.010000]
 iHFBZ      0.0103      0.0094      0.0095      0.0095   4 [-0.015000, 0.010000]
 iMVF       0.0289      0.0166      0.0264      0.0266   4 [-0.015000, 0.010000]
 iSF        0.0379      0.0329      0.0347      0.0350   4 [-0.015000, 0.010000]
 iMVFBC     0.0469      0.0360      0.0373      0.0374   4 [-0.015000, 0.010000]
 iTF        0.0541      0.0277      0.0466      0.0496   4 [-0.015000, 0.010000]
 iTFBM      0.0543      0.0335      0.0497      0.0509   4 [-0.015000, 0.010000]
 iBF        0.0789      0.0538      0.0740      0.0761   4 [-0.015000, 0.010000]
 iBFBZ      0.1824      0.1140      0.1522      0.1510   4 [-0.015000, 0.010000]
 iIF        0.0611      0.0492      0.0519      0.0503   4 [-0.015000, 0.010000]
 iIF2       0.0725      0.0579      0.0599      0.0598   4 [-0.015000, 0.010000]
 iISF       0.0500      0.0460      0.0470      0.0466   4 [-0.015000, 0.010000]
-------------------------------------------------------------------------
>> STATS for tests_out/iu22_test.bin
 #polynomials = 100    deg = 5     X = [-0.015000 , 0.010000]
>> [EVAL_TIME]
Form         max          min         mean       median  deg         X
-------------------------------------------------------------------------
 iHF        0.0220      0.0147      0.0158      0.0158   5 [-0.015000, 0.010000]
 iHFBZ      0.0138      0.0104      0.0107      0.0106   5 [-0.015000, 0.010000]
 iMVF       0.0338      0.0201      0.0311      0.0311   5 [-0.015000, 0.010000]
 iSF        0.0452      0.0394      0.0413      0.0413   5 [-0.015000, 0.010000]
 iMVFBC     0.0470      0.0425      0.0439      0.0439   5 [-0.015000, 0.010000]
 iTF        0.0673      0.0366      0.0581      0.0565   5 [-0.015000, 0.010000]
 iTFBM      0.0717      0.0666      0.0675      0.0674   5 [-0.015000, 0.010000]
 iBF        0.1226      0.1001      0.1048      0.1017   5 [-0.015000, 0.010000]
 iBFBZ      0.2076      0.1883      0.2005      0.2001   5 [-0.015000, 0.010000]
 iIF        0.0607      0.0575      0.0588      0.0586   5 [-0.015000, 0.010000]
 iIF2       0.0713      0.0671      0.0685      0.0684   5 [-0.015000, 0.010000]
 iISF       0.0558      0.0521      0.0529      0.0528   5 [-0.015000, 0.010000]
-------------------------------------------------------------------------
>> STATS for tests_out/iu23_test.bin
 #polynomials = 100    deg = 6     X = [-0.015000 , 0.010000]
>> [EVAL_TIME]
Form         max          min         mean       median  deg         X
-------------------------------------------------------------------------
 iHF        0.0196      0.0168      0.0175      0.0170   6 [-0.015000, 0.010000]
 iHFBZ      0.0152      0.0140      0.0141      0.0141   6 [-0.015000, 0.010000]
 iMVF       0.0452      0.0350      0.0369      0.0364   6 [-0.015000, 0.010000]
 iSF        0.0609      0.0297      0.0477      0.0473   6 [-0.015000, 0.010000]
 iMVFBC     0.0615      0.0323      0.0514      0.0506   6 [-0.015000, 0.010000]
 iTF        0.0859      0.0710      0.0738      0.0719   6 [-0.015000, 0.010000]
 iTFBM      0.0991      0.0821      0.0854      0.0832   6 [-0.015000, 0.010000]
 iBF        0.1329      0.1266      0.1285      0.1282   6 [-0.015000, 0.010000]
 iBFBZ      0.3061      0.2437      0.2630      0.2584   6 [-0.015000, 0.010000]
 iIF        0.0802      0.0656      0.0701      0.0681   6 [-0.015000, 0.010000]
 iIF2       0.0927      0.0622      0.0797      0.0775   6 [-0.015000, 0.010000]
 iISF       0.0614      0.0589      0.0596      0.0596   6 [-0.015000, 0.010000]
-------------------------------------------------------------------------
>> STATS for tests_out/iu24_test.bin
 #polynomials = 100    deg = 7     X = [-0.015000 , 0.010000]
>> [EVAL_TIME]
Form         max          min         mean       median  deg         X
-------------------------------------------------------------------------
 iHF        0.0231      0.0192      0.0202      0.0199   7 [-0.015000, 0.010000]
 iHFBZ      0.0142      0.0129      0.0131      0.0131   7 [-0.015000, 0.010000]
 iMVF       0.0450      0.0402      0.0416      0.0415   7 [-0.015000, 0.010000]
 iSF        0.0662      0.0521      0.0558      0.0545   7 [-0.015000, 0.010000]
 iMVFBC     0.0690      0.0366      0.0595      0.0575   7 [-0.015000, 0.010000]
 iTF        0.0934      0.0887      0.0902      0.0899   7 [-0.015000, 0.010000]
 iTFBM      0.1481      0.0745      0.1056      0.1043   7 [-0.015000, 0.010000]
 iBF        0.1643      0.1588      0.1603      0.1600   7 [-0.015000, 0.010000]
 iBFBZ      0.3793      0.2909      0.3278      0.3232   7 [-0.015000, 0.010000]
 iIF        0.0894      0.0748      0.0788      0.0767   7 [-0.015000, 0.010000]
 iIF2       0.1040      0.0553      0.0882      0.0856   7 [-0.015000, 0.010000]
 iISF       0.0696      0.0650      0.0661      0.0659   7 [-0.015000, 0.010000]
-------------------------------------------------------------------------
>> STATS for tests_out/iu25_test.bin
 #polynomials = 100    deg = 11    X = [-0.015000 , 0.010000]
>> [EVAL_TIME]
Form         max          min         mean       median  deg         X
-------------------------------------------------------------------------
 iHF        0.0326      0.0275      0.0288      0.0287  11 [-0.015000, 0.010000]
 iHFBZ      0.0188      0.0174      0.0178      0.0177  11 [-0.015000, 0.010000]
 iMVF       0.0791      0.0399      0.0616      0.0616  11 [-0.015000, 0.010000]
 iSF        0.0859      0.0765      0.0794      0.0793  11 [-0.015000, 0.010000]
 iMVFBC     0.0869      0.0818      0.0838      0.0836  11 [-0.015000, 0.010000]
 iTF        0.1859      0.1752      0.1784      0.1781  11 [-0.015000, 0.010000]
 iTFBM      0.2333      0.1497      0.1964      0.1999  11 [-0.015000, 0.010000]
 iBF        0.3684      0.2568      0.3186      0.3195  11 [-0.015000, 0.010000]
 iBFBZ      0.7570      0.4989      0.6318      0.6353  11 [-0.015000, 0.010000]
 iIF        0.1176      0.0807      0.1064      0.1093  11 [-0.015000, 0.010000]
 iIF2       0.1233      0.1059      0.1197      0.1197  11 [-0.015000, 0.010000]
 iISF       0.1092      0.0668      0.0952      0.0905  11 [-0.015000, 0.010000]
-------------------------------------------------------------------------
>> STATS for tests_out/iu26_test.bin
 #polynomials = 100    deg = 16    X = [-0.015000 , 0.010000]
>> [EVAL_TIME]
Form         max          min         mean       median  deg         X
-------------------------------------------------------------------------
 iHF        0.0429      0.0374      0.0393      0.0391  16 [-0.015000, 0.010000]
 iHFBZ      0.0245      0.0230      0.0235      0.0235  16 [-0.015000, 0.010000]
 iMVF       0.0901      0.0826      0.0852      0.0851  16 [-0.015000, 0.010000]
 iSF        0.1332      0.0837      0.1151      0.1108  16 [-0.015000, 0.010000]
 iMVFBC     0.1188      0.0872      0.1116      0.1145  16 [-0.015000, 0.010000]
 iTF        0.3362      0.2578      0.3055      0.3228  16 [-0.015000, 0.010000]
 iTFBM      0.3658      0.3362      0.3573      0.3574  16 [-0.015000, 0.010000]
 iBF        0.5936      0.5762      0.5864      0.5859  16 [-0.015000, 0.010000]
 iBFBZ      1.3528      0.9351      1.1442      1.1580  16 [-0.015000, 0.010000]
 iIF        0.1555      0.1166      0.1477      0.1486  16 [-0.015000, 0.010000]
 iIF2       0.1880      0.1232      0.1643      0.1596  16 [-0.015000, 0.010000]
 iISF       0.1420      0.0776      0.1202      0.1213  16 [-0.015000, 0.010000]
-------------------------------------------------------------------------
>> STATS for tests_out/iu27_test.bin
 #polynomials = 100    deg = 21    X = [-0.015000 , 0.010000]
>> [EVAL_TIME]
Form         max          min         mean       median  deg         X
-------------------------------------------------------------------------
 iHF        0.0604      0.0362      0.0528      0.0503  21 [-0.015000, 0.010000]
 iHFBZ      0.0304      0.0236      0.0294      0.0294  21 [-0.015000, 0.010000]
 iMVF       0.1132      0.0710      0.1077      0.1090  21 [-0.015000, 0.010000]
 iSF        0.1683      0.1391      0.1443      0.1426  21 [-0.015000, 0.010000]
 iMVFBC     0.1644      0.1278      0.1501      0.1507  21 [-0.015000, 0.010000]
 iTF        0.5401      0.5042      0.5280      0.5266  21 [-0.015000, 0.010000]
 iTFBM      0.5864      0.4552      0.5591      0.5669  21 [-0.015000, 0.010000]
 iBF        1.1085      0.8108      0.9351      0.9339  21 [-0.015000, 0.010000]
 iBFBZ      2.1709      1.5698      1.8541      1.8571  21 [-0.015000, 0.010000]
 iIF        0.1954      0.1401      0.1865      0.1896  21 [-0.015000, 0.010000]
 iIF2       0.2376      0.1979      0.2054      0.2017  21 [-0.015000, 0.010000]
 iISF       0.1872      0.1510      0.1557      0.1533  21 [-0.015000, 0.010000]
-------------------------------------------------------------------------
>> STATS for tests_out/iu28_test.bin
 #polynomials = 100    deg = 26    X = [-0.015000 , 0.010000]
>> [EVAL_TIME]
Form         max          min         mean       median  deg         X
-------------------------------------------------------------------------
 iHF        0.0648      0.0582      0.0598      0.0597  26 [-0.015000, 0.010000]
 iHFBZ      0.0436      0.0218      0.0388      0.0409  26 [-0.015000, 0.010000]
 iMVF       0.1588      0.1304      0.1369      0.1343  26 [-0.015000, 0.010000]
 iSF        0.2066      0.1305      0.1780      0.1728  26 [-0.015000, 0.010000]
 iMVFBC     0.1870      0.1375      0.1764      0.1819  26 [-0.015000, 0.010000]
 iTF        0.9100      0.6265      0.7588      0.7616  26 [-0.015000, 0.010000]
 iTFBM      1.0285      0.6781      0.8204      0.8137  26 [-0.015000, 0.010000]
 iBF        1.5652      1.1237      1.3543      1.3603  26 [-0.015000, 0.010000]
 iBFBZ      3.1850      2.2654      2.7234      2.7172  26 [-0.015000, 0.010000]
 iIF        0.2685      0.1470      0.1748      0.1483  26 [-0.015000, 0.010000]
 iIF2       0.2449      0.1530      0.2120      0.2400  26 [-0.015000, 0.010000]
 iISF       0.1854      0.1168      0.1383      0.1176  26 [-0.015000, 0.010000]
-------------------------------------------------------------------------
>> STATS for tests_out/iu29_test.bin
 #polynomials = 100    deg = 31    X = [-0.015000 , 0.010000]
>> [EVAL_TIME]
Form         max          min         mean       median  deg         X
-------------------------------------------------------------------------
 iHF        0.1095      0.0715      0.0746      0.0736  31 [-0.015000, 0.010000]
 iHFBZ      0.0711      0.0265      0.0288      0.0269  31 [-0.015000, 0.010000]
 iMVF       0.2030      0.1041      0.1305      0.1078  31 [-0.015000, 0.010000]
 iSF        0.2472      0.1362      0.1886      0.2109  31 [-0.015000, 0.010000]
 iMVFBC     0.2721      0.1441      0.2118      0.2245  31 [-0.015000, 0.010000]
 iTF        1.3852      0.7110      0.8787      0.7870  31 [-0.015000, 0.010000]
 iTFBM      1.1603      0.7468      0.9531      0.9793  31 [-0.015000, 0.010000]
 iBF        2.0088      1.2575      1.6415      1.6661  31 [-0.015000, 0.010000]
 iBFBZ      4.1911      2.5149      3.3279      3.3057  31 [-0.015000, 0.010000]
 iIF        0.2988      0.1840      0.2333      0.2100  31 [-0.015000, 0.010000]
 iIF2       0.3050      0.1902      0.2520      0.2927  31 [-0.015000, 0.010000]
 iISF       0.2316      0.1449      0.1759      0.1480  31 [-0.015000, 0.010000]
-------------------------------------------------------------------------
>> STATS for tests_out/iu31_test.bin
 #polynomials = 100    deg = 4     X = [-0.010000 , 0.010000]
>> [EVAL_TIME]
Form         max          min         mean       median  deg         X
-------------------------------------------------------------------------
 iHF        0.0159      0.0133      0.0142      0.0144   4 [-0.010000, 0.010000]
 iHFBZ      0.0231      0.0096      0.0101      0.0098   4 [-0.010000, 0.010000]
 iMVF       0.0292      0.0175      0.0215      0.0184   4 [-0.010000, 0.010000]
 iSF        0.0362      0.0225      0.0239      0.0239   4 [-0.010000, 0.010000]
 iMVFBC     0.0440      0.0249      0.0391      0.0397   4 [-0.010000, 0.010000]
 iTF        0.0757      0.0290      0.0392      0.0448   4 [-0.010000, 0.010000]
 iTFBM      0.0657      0.0353      0.0628      0.0647   4 [-0.010000, 0.010000]
 iBF        0.0835      0.0515      0.0703      0.0795   4 [-0.010000, 0.010000]
 iBFBZ      0.1659      0.1052      0.1494      0.1640   4 [-0.010000, 0.010000]
 iIF        0.0547      0.0342      0.0394      0.0351   4 [-0.010000, 0.010000]
 iIF2       0.0655      0.0407      0.0478      0.0416   4 [-0.010000, 0.010000]
 iISF       0.0503      0.0312      0.0395      0.0321   4 [-0.010000, 0.010000]
-------------------------------------------------------------------------
>> STATS for tests_out/iu32_test.bin
 #polynomials = 100    deg = 5     X = [-0.010000 , 0.010000]
>> [EVAL_TIME]
Form         max          min         mean       median  deg         X
-------------------------------------------------------------------------
 iHF        0.0190      0.0103      0.0160      0.0161   5 [-0.010000, 0.010000]
 iHFBZ      0.0130      0.0109      0.0113      0.0113   5 [-0.010000, 0.010000]
 iMVF       0.0435      0.0322      0.0334      0.0329   5 [-0.010000, 0.010000]
 iSF        0.0471      0.0268      0.0369      0.0417   5 [-0.010000, 0.010000]
 iMVFBC     0.0640      0.0293      0.0436      0.0456   5 [-0.010000, 0.010000]
 iTF        0.0747      0.0385      0.0457      0.0389   5 [-0.010000, 0.010000]
 iTFBM      0.0748      0.0454      0.0582      0.0468   5 [-0.010000, 0.010000]
 iBF        0.1086      0.0686      0.0887      0.0990   5 [-0.010000, 0.010000]
 iBFBZ      0.2137      0.1352      0.1699      0.1393   5 [-0.010000, 0.010000]
 iIF        0.1037      0.0392      0.0562      0.0610   5 [-0.010000, 0.010000]
 iIF2       0.0757      0.0457      0.0535      0.0469   5 [-0.010000, 0.010000]
 iISF       0.0649      0.0357      0.0422      0.0360   5 [-0.010000, 0.010000]
-------------------------------------------------------------------------
>> STATS for tests_out/iu33_test.bin
 #polynomials = 100    deg = 6     X = [-0.010000 , 0.010000]
>> [EVAL_TIME]
Form         max          min         mean       median  deg         X
-------------------------------------------------------------------------
 iHF        0.0213      0.0178      0.0188      0.0189   6 [-0.010000, 0.010000]
 iHFBZ      0.0127      0.0112      0.0122      0.0122   6 [-0.010000, 0.010000]
 iMVF       0.0410      0.0371      0.0385      0.0383   6 [-0.010000, 0.010000]
 iSF        0.0537      0.0307      0.0439      0.0480   6 [-0.010000, 0.010000]
 iMVFBC     0.0540      0.0332      0.0357      0.0340   6 [-0.010000, 0.010000]
 iTF        0.0774      0.0485      0.0630      0.0726   6 [-0.010000, 0.010000]
 iTFBM      0.0898      0.0567      0.0684      0.0577   6 [-0.010000, 0.010000]
 iBF        0.1375      0.0877      0.1003      0.0887   6 [-0.010000, 0.010000]
 iBFBZ      0.2792      0.1743      0.2400      0.2706   6 [-0.010000, 0.010000]
 iIF        0.0733      0.0457      0.0648      0.0701   6 [-0.010000, 0.010000]
 iIF2       0.0833      0.0794      0.0811      0.0811   6 [-0.010000, 0.010000]
 iISF       0.0631      0.0398      0.0543      0.0618   6 [-0.010000, 0.010000]
-------------------------------------------------------------------------
>> STATS for tests_out/iu34_test.bin
 #polynomials = 100    deg = 7     X = [-0.010000 , 0.010000]
>> [EVAL_TIME]
Form         max          min         mean       median  deg         X
-------------------------------------------------------------------------
 iHF        0.0245      0.0201      0.0211      0.0212   7 [-0.010000, 0.010000]
 iHFBZ      0.0167      0.0086      0.0161      0.0165   7 [-0.010000, 0.010000]
 iMVF       0.0467      0.0280      0.0396      0.0431   7 [-0.010000, 0.010000]
 iSF        0.0616      0.0362      0.0485      0.0556   7 [-0.010000, 0.010000]
 iMVFBC     0.0632      0.0388      0.0566      0.0602   7 [-0.010000, 0.010000]
 iTF        0.1109      0.0938      0.0957      0.0956   7 [-0.010000, 0.010000]
 iTFBM      0.1122      0.0711      0.0858      0.0721   7 [-0.010000, 0.010000]
 iBF        0.1743      0.1095      0.1423      0.1683   7 [-0.010000, 0.010000]
 iBFBZ      0.3425      0.2185      0.2744      0.2573   7 [-0.010000, 0.010000]
 iIF        0.0882      0.0509      0.0657      0.0582   7 [-0.010000, 0.010000]
 iIF2       0.0908      0.0569      0.0671      0.0584   7 [-0.010000, 0.010000]
 iISF       0.0846      0.0617      0.0742      0.0706   7 [-0.010000, 0.010000]
-------------------------------------------------------------------------
>> STATS for tests_out/iu35_test.bin
 #polynomials = 100    deg = 11    X = [-0.010000 , 0.010000]
>> [EVAL_TIME]
Form         max          min         mean       median  deg         X
-------------------------------------------------------------------------
 iHF        0.0315      0.0286      0.0295      0.0292  11 [-0.010000, 0.010000]
 iHFBZ      0.0196      0.0116      0.0155      0.0183  11 [-0.010000, 0.010000]
 iMVF       0.0666      0.0412      0.0556      0.0636  11 [-0.010000, 0.010000]
 iSF        0.0838      0.0517      0.0617      0.0542  11 [-0.010000, 0.010000]
 iMVFBC     0.0880      0.0552      0.0648      0.0565  11 [-0.010000, 0.010000]
 iTF        0.2238      0.1189      0.1509      0.1225  11 [-0.010000, 0.010000]
 iTFBM      0.2107      0.1348      0.1543      0.1353  11 [-0.010000, 0.010000]
 iBF        0.3362      0.2123      0.2783      0.3102  11 [-0.010000, 0.010000]
 iBFBZ      0.6704      0.4239      0.4906      0.4332  11 [-0.010000, 0.010000]
 iIF        0.1169      0.1126      0.1141      0.1140  11 [-0.010000, 0.010000]
 iIF2       0.1278      0.1225      0.1240      0.1239  11 [-0.010000, 0.010000]
 iISF       0.0962      0.0615      0.0861      0.0942  11 [-0.010000, 0.010000]
-------------------------------------------------------------------------
>> STATS for tests_out/iu36_test.bin
 #polynomials = 100    deg = 16    X = [-0.010000 , 0.010000]
>> [EVAL_TIME]
Form         max          min         mean       median  deg         X
-------------------------------------------------------------------------
 iHF        0.0501      0.0312      0.0413      0.0401  16 [-0.010000, 0.010000]
 iHFBZ      0.0310      0.0237      0.0254      0.0241  16 [-0.010000, 0.010000]
 iMVF       0.1105      0.0729      0.0903      0.0881  16 [-0.010000, 0.010000]
 iSF        0.1293      0.1118      0.1159      0.1158  16 [-0.010000, 0.010000]
 iMVFBC     0.1342      0.0912      0.1206      0.1237  16 [-0.010000, 0.010000]
 iTF        0.3692      0.2807      0.3474      0.3529  16 [-0.010000, 0.010000]
 iTFBM      0.3894      0.3118      0.3744      0.3792  16 [-0.010000, 0.010000]
 iBF        0.7403      0.4895      0.6168      0.6204  16 [-0.010000, 0.010000]
 iBFBZ      1.4339      1.0782      1.2345      1.2312  16 [-0.010000, 0.010000]
 iIF        0.1929      0.1173      0.1635      0.1584  16 [-0.010000, 0.010000]
 iIF2       0.1708      0.1201      0.1602      0.1639  16 [-0.010000, 0.010000]
 iISF       0.1282      0.0902      0.1213      0.1259  16 [-0.010000, 0.010000]
-------------------------------------------------------------------------
>> STATS for tests_out/iu37_test.bin
 #polynomials = 100    deg = 21    X = [-0.010000 , 0.010000]
>> [EVAL_TIME]
Form         max          min         mean       median  deg         X
-------------------------------------------------------------------------
 iHF        0.0564      0.0505      0.0520      0.0519  21 [-0.010000, 0.010000]
 iHFBZ      0.0480      0.0296      0.0304      0.0301  21 [-0.010000, 0.010000]
 iMVF       0.1165      0.0822      0.1067      0.1114  21 [-0.010000, 0.010000]
 iSF        0.1564      0.1059      0.1440      0.1477  21 [-0.010000, 0.010000]
 iMVFBC     0.1844      0.1164      0.1557      0.1555  21 [-0.010000, 0.010000]
 iTF        0.6773      0.4286      0.5522      0.5480  21 [-0.010000, 0.010000]
 iTFBM      0.6959      0.4590      0.5684      0.5820  21 [-0.010000, 0.010000]
 iBF        1.0894      0.7812      0.9637      0.9659  21 [-0.010000, 0.010000]
 iBFBZ      1.9901      1.5876      1.9096      1.9331  21 [-0.010000, 0.010000]
 iIF        0.2043      0.1459      0.1944      0.1983  21 [-0.010000, 0.010000]
 iIF2       0.2220      0.1606      0.2061      0.2086  21 [-0.010000, 0.010000]
 iISF       0.1968      0.1238      0.1593      0.1593  21 [-0.010000, 0.010000]
-------------------------------------------------------------------------
>> STATS for tests_out/iu38_test.bin
 #polynomials = 100    deg = 26    X = [-0.010000 , 0.010000]
>> [EVAL_TIME]
Form         max          min         mean       median  deg         X
-------------------------------------------------------------------------
 iHF        0.0738      0.0402      0.0613      0.0615  26 [-0.010000, 0.010000]
 iHFBZ      0.0438      0.0224      0.0318      0.0306  26 [-0.010000, 0.010000]
 iMVF       0.1613      0.1040      0.1368      0.1368  26 [-0.010000, 0.010000]
 iSF        0.2144      0.1528      0.1810      0.1787  26 [-0.010000, 0.010000]
 iMVFBC     0.2226      0.1492      0.1914      0.1883  26 [-0.010000, 0.010000]
 iTF        0.9538      0.6979      0.7991      0.7974  26 [-0.010000, 0.010000]
 iTFBM      1.0567      0.7085      0.8521      0.8464  26 [-0.010000, 0.010000]
 iBF        1.6658      1.1870      1.4005      1.4127  26 [-0.010000, 0.010000]
 iBFBZ      3.2521      2.2869      2.7985      2.8234  26 [-0.010000, 0.010000]
 iIF        0.2486      0.2381      0.2424      0.2424  26 [-0.010000, 0.010000]
 iIF2       0.3014      0.2262      0.2578      0.2530  26 [-0.010000, 0.010000]
 iISF       0.1975      0.1906      0.1931      0.1928  26 [-0.010000, 0.010000]
-------------------------------------------------------------------------
>> STATS for tests_out/iu39_test.bin
 #polynomials = 100    deg = 31    X = [-0.010000 , 0.010000]
>> [EVAL_TIME]
Form         max          min         mean       median  deg         X
-------------------------------------------------------------------------
 iHF        0.0781      0.0719      0.0739      0.0738  31 [-0.010000, 0.010000]
 iHFBZ      0.0437      0.0342      0.0420      0.0421  31 [-0.010000, 0.010000]
 iMVF       0.1942      0.1592      0.1650      0.1626  31 [-0.010000, 0.010000]
 iSF        0.2512      0.2074      0.2134      0.2127  31 [-0.010000, 0.010000]
 iMVFBC     0.2667      0.2065      0.2278      0.2260  31 [-0.010000, 0.010000]
 iTF        1.2921      1.0901      1.1103      1.1052  31 [-0.010000, 0.010000]
 iTFBM      1.3503      1.1480      1.1649      1.1645  31 [-0.010000, 0.010000]
 iBF        1.9708      1.9191      1.9461      1.9483  31 [-0.010000, 0.010000]
 iBFBZ      4.1217      3.2894      3.8916      3.9100  31 [-0.010000, 0.010000]
 iIF        0.2907      0.2853      0.2880      0.2880  31 [-0.010000, 0.010000]
 iIF2       0.3095      0.2915      0.2979      0.2982  31 [-0.010000, 0.010000]
 iISF       0.2390      0.2222      0.2269      0.2267  31 [-0.010000, 0.010000]
-------------------------------------------------------------------------
>> STATS for tests_out/iu41_test.bin
 #polynomials = 100    deg = 4     X = [-0.030000 , -0.020000]
>> [EVAL_TIME]
Form         max          min         mean       median  deg         X
-------------------------------------------------------------------------
 iHF        0.0096      0.0073      0.0079      0.0078   4 [-0.030000, -0.020000]
 iHFBZ      0.0103      0.0081      0.0088      0.0087   4 [-0.030000, -0.020000]
 iMVF       0.0169      0.0139      0.0147      0.0146   4 [-0.030000, -0.020000]
 iSF        0.0229      0.0183      0.0196      0.0194   4 [-0.030000, -0.020000]
 iMVFBC     0.0219      0.0193      0.0201      0.0200   4 [-0.030000, -0.020000]
 iTF        0.0254      0.0228      0.0232      0.0231   4 [-0.030000, -0.020000]
 iTFBM      0.0298      0.0272      0.0276      0.0276   4 [-0.030000, -0.020000]
 iBF        0.0433      0.0401      0.0410      0.0409   4 [-0.030000, -0.020000]
 iBFBZ      0.0442      0.0408      0.0417      0.0417   4 [-0.030000, -0.020000]
 iIF        0.0290      0.0264      0.0273      0.0272   4 [-0.030000, -0.020000]
 iIF2       0.0346      0.0315      0.0325      0.0324   4 [-0.030000, -0.020000]
 iISF       0.0267      0.0246      0.0250      0.0249   4 [-0.030000, -0.020000]
-------------------------------------------------------------------------
>> STATS for tests_out/iu42_test.bin
 #polynomials = 100    deg = 5     X = [-0.030000 , -0.020000]
>> [EVAL_TIME]
Form         max          min         mean       median  deg         X
-------------------------------------------------------------------------
 iHF        0.0116      0.0083      0.0092      0.0091   5 [-0.030000, -0.020000]
 iHFBZ      0.0121      0.0092      0.0100      0.0098   5 [-0.030000, -0.020000]
 iMVF       0.0197      0.0165      0.0174      0.0171   5 [-0.030000, -0.020000]
 iSF        0.0272      0.0214      0.0231      0.0227   5 [-0.030000, -0.020000]
 iMVFBC     0.0257      0.0229      0.0239      0.0237   5 [-0.030000, -0.020000]
 iTF        0.0366      0.0299      0.0330      0.0350   5 [-0.030000, -0.020000]
 iTFBM      0.0433      0.0231      0.0369      0.0357   5 [-0.030000, -0.020000]
 iBF        0.0556      0.0530      0.0538      0.0537   5 [-0.030000, -0.020000]
 iBFBZ      0.0566      0.0536      0.0546      0.0545   5 [-0.030000, -0.020000]
 iIF        0.0347      0.0306      0.0318      0.0316   5 [-0.030000, -0.020000]
 iIF2       0.0475      0.0356      0.0367      0.0364   5 [-0.030000, -0.020000]
 iISF       0.0301      0.0277      0.0282      0.0281   5 [-0.030000, -0.020000]
-------------------------------------------------------------------------
>> STATS for tests_out/iu43_test.bin
 #polynomials = 100    deg = 6     X = [-0.030000 , -0.020000]
>> [EVAL_TIME]
Form         max          min         mean       median  deg         X
-------------------------------------------------------------------------
 iHF        0.0128      0.0096      0.0102      0.0100   6 [-0.030000, -0.020000]
 iHFBZ      0.0135      0.0104      0.0111      0.0109   6 [-0.030000, -0.020000]
 iMVF       0.0450      0.0224      0.0239      0.0232   6 [-0.030000, -0.020000]
 iSF        0.0354      0.0159      0.0238      0.0246   6 [-0.030000, -0.020000]
 iMVFBC     0.0337      0.0170      0.0272      0.0271   6 [-0.030000, -0.020000]
 iTF        0.0402      0.0246      0.0350      0.0380   6 [-0.030000, -0.020000]
 iTFBM      0.0491      0.0437      0.0447      0.0442   6 [-0.030000, -0.020000]
 iBF        0.0712      0.0667      0.0676      0.0674   6 [-0.030000, -0.020000]
 iBFBZ      0.0745      0.0677      0.0688      0.0684   6 [-0.030000, -0.020000]
 iIF        0.0414      0.0349      0.0362      0.0361   6 [-0.030000, -0.020000]
 iIF2       0.0450      0.0402      0.0412      0.0410   6 [-0.030000, -0.020000]
 iISF       0.0339      0.0309      0.0315      0.0312   6 [-0.030000, -0.020000]
-------------------------------------------------------------------------
>> STATS for tests_out/iu44_test.bin
 #polynomials = 100    deg = 7     X = [-0.030000 , -0.020000]
>> [EVAL_TIME]
Form         max          min         mean       median  deg         X
-------------------------------------------------------------------------
 iHF        0.0142      0.0107      0.0113      0.0112   7 [-0.030000, -0.020000]
 iHFBZ      0.0153      0.0116      0.0122      0.0120   7 [-0.030000, -0.020000]
 iMVF       0.0248      0.0214      0.0222      0.0219   7 [-0.030000, -0.020000]
 iSF        0.0343      0.0279      0.0291      0.0286   7 [-0.030000, -0.020000]
 iMVFBC     0.0375      0.0297      0.0310      0.0304   7 [-0.030000, -0.020000]
 iTF        0.0502      0.0469      0.0481      0.0479   7 [-0.030000, -0.020000]
 iTFBM      0.0650      0.0545      0.0556      0.0555   7 [-0.030000, -0.020000]
 iBF        0.0885      0.0839      0.0853      0.0852   7 [-0.030000, -0.020000]
 iBFBZ      0.1036      0.0597      0.0907      0.0979   7 [-0.030000, -0.020000]
 iIF        0.0428      0.0261      0.0393      0.0402   7 [-0.030000, -0.020000]
 iIF2       0.0499      0.0446      0.0459      0.0456   7 [-0.030000, -0.020000]
 iISF       0.0362      0.0228      0.0342      0.0349   7 [-0.030000, -0.020000]
-------------------------------------------------------------------------
>> STATS for tests_out/iu45_test.bin
 #polynomials = 100    deg = 11    X = [-0.030000 , -0.020000]
>> [EVAL_TIME]
Form         max          min         mean       median  deg         X
-------------------------------------------------------------------------
 iHF        0.0181      0.0100      0.0155      0.0155  11 [-0.030000, -0.020000]
 iHFBZ      0.0198      0.0161      0.0168      0.0167  11 [-0.030000, -0.020000]
 iMVF       0.0344      0.0316      0.0324      0.0322  11 [-0.030000, -0.020000]
 iSF        0.0529      0.0269      0.0415      0.0420  11 [-0.030000, -0.020000]
 iMVFBC     0.0474      0.0292      0.0430      0.0439  11 [-0.030000, -0.020000]
 iTF        0.1033      0.0918      0.0932      0.0931  11 [-0.030000, -0.020000]
 iTFBM      0.1085      0.0810      0.1037      0.1042  11 [-0.030000, -0.020000]
 iBF        0.1773      0.1115      0.1639      0.1661  11 [-0.030000, -0.020000]
 iBFBZ      0.2002      0.1356      0.1722      0.1676  11 [-0.030000, -0.020000]
 iIF        0.0624      0.0565      0.0580      0.0578  11 [-0.030000, -0.020000]
 iIF2       0.0673      0.0616      0.0632      0.0629  11 [-0.030000, -0.020000]
 iISF       0.0669      0.0312      0.0485      0.0483  11 [-0.030000, -0.020000]
-------------------------------------------------------------------------
>> STATS for tests_out/iu46_test.bin
 #polynomials = 100    deg = 16    X = [-0.030000 , -0.020000]
>> [EVAL_TIME]
Form         max          min         mean       median  deg         X
-------------------------------------------------------------------------
 iHF        0.0250      0.0209      0.0217      0.0214  16 [-0.030000, -0.020000]
 iHFBZ      0.0256      0.0218      0.0227      0.0224  16 [-0.030000, -0.020000]
 iMVF       0.0498      0.0443      0.0456      0.0452  16 [-0.030000, -0.020000]
 iSF        0.0680      0.0576      0.0599      0.0593  16 [-0.030000, -0.020000]
 iMVFBC     0.0773      0.0473      0.0650      0.0635  16 [-0.030000, -0.020000]
 iTF        0.2429      0.1394      0.1758      0.1715  16 [-0.030000, -0.020000]
 iTFBM      0.2250      0.1684      0.1896      0.1875  16 [-0.030000, -0.020000]
 iBF        0.3622      0.2458      0.3060      0.3063  16 [-0.030000, -0.020000]
 iBFBZ      0.3614      0.3030      0.3100      0.3055  16 [-0.030000, -0.020000]
 iIF        0.0968      0.0548      0.0830      0.0796  16 [-0.030000, -0.020000]
 iIF2       0.1031      0.0645      0.0870      0.0841  16 [-0.030000, -0.020000]
 iISF       0.0656      0.0433      0.0618      0.0634  16 [-0.030000, -0.020000]
-------------------------------------------------------------------------
>> STATS for tests_out/iu47_test.bin
 #polynomials = 100    deg = 21    X = [-0.030000 , -0.020000]
>> [EVAL_TIME]
Form         max          min         mean       median  deg         X
-------------------------------------------------------------------------
 iHF        0.0298      0.0261      0.0267      0.0265  21 [-0.030000, -0.020000]
 iHFBZ      0.0308      0.0177      0.0260      0.0276  21 [-0.030000, -0.020000]
 iMVF       0.0758      0.0567      0.0579      0.0576  21 [-0.030000, -0.020000]
 iSF        0.0920      0.0669      0.0763      0.0762  21 [-0.030000, -0.020000]
 iMVFBC     0.0974      0.0572      0.0786      0.0797  21 [-0.030000, -0.020000]
 iTF        0.3202      0.2141      0.2744      0.2746  21 [-0.030000, -0.020000]
 iTFBM      0.3058      0.2361      0.2892      0.2941  21 [-0.030000, -0.020000]
 iBF        0.5776      0.4002      0.4933      0.4873  21 [-0.030000, -0.020000]
 iBFBZ      0.5757      0.4701      0.5011      0.4943  21 [-0.030000, -0.020000]
 iIF        0.1222      0.0755      0.1028      0.1007  21 [-0.030000, -0.020000]
 iIF2       0.1099      0.0723      0.1034      0.1050  21 [-0.030000, -0.020000]
 iISF       0.0859      0.0571      0.0809      0.0809  21 [-0.030000, -0.020000]
-------------------------------------------------------------------------
>> STATS for tests_out/iu48_test.bin
 #polynomials = 100    deg = 26    X = [-0.030000 , -0.020000]
>> [EVAL_TIME]
Form         max          min         mean       median  deg         X
-------------------------------------------------------------------------
 iHF        0.0365      0.0219      0.0328      0.0330  26 [-0.030000, -0.020000]
 iHFBZ      0.0388      0.0216      0.0326      0.0334  26 [-0.030000, -0.020000]
 iMVF       0.0838      0.0469      0.0713      0.0707  26 [-0.030000, -0.020000]
 iSF        0.0976      0.0898      0.0917      0.0913  26 [-0.030000, -0.020000]
 iMVFBC     0.1011      0.0960      0.0974      0.0973  26 [-0.030000, -0.020000]
 iTF        0.4782      0.3847      0.4035      0.3997  26 [-0.030000, -0.020000]
 iTFBM      0.5053      0.3613      0.4275      0.4269  26 [-0.030000, -0.020000]
 iBF        0.7229      0.6993      0.7124      0.7129  26 [-0.030000, -0.020000]
 iBFBZ      0.8370      0.5803      0.7024      0.7143  26 [-0.030000, -0.020000]
 iIF        0.1250      0.0915      0.1196      0.1217  26 [-0.030000, -0.020000]
 iIF2       0.1309      0.1259      0.1278      0.1278  26 [-0.030000, -0.020000]
 iISF       0.1180      0.0765      0.0993      0.0971  26 [-0.030000, -0.020000]
-------------------------------------------------------------------------
>> STATS for tests_out/iu49_test.bin
 #polynomials = 100    deg = 31    X = [-0.030000 , -0.020000]
>> [EVAL_TIME]
Form         max          min         mean       median  deg         X
-------------------------------------------------------------------------
 iHF        0.0415      0.0301      0.0382      0.0381  31 [-0.030000, -0.020000]
 iHFBZ      0.0492      0.0397      0.0460      0.0459  31 [-0.030000, -0.020000]
 iMVF       0.0989      0.0683      0.0841      0.0829  31 [-0.030000, -0.020000]
 iSF        0.1142      0.1063      0.1083      0.1078  31 [-0.030000, -0.020000]
 iMVFBC     0.1185      0.1124      0.1141      0.1139  31 [-0.030000, -0.020000]
 iTF        0.6565      0.4458      0.5632      0.5599  31 [-0.030000, -0.020000]
 iTFBM      0.7043      0.4888      0.5917      0.5912  31 [-0.030000, -0.020000]
 iBF        1.1566      0.8149      0.9885      0.9858  31 [-0.030000, -0.020000]
 iBFBZ      1.0612      0.8008      0.9643      0.9754  31 [-0.030000, -0.020000]
 iIF        0.1735      0.1414      0.1467      0.1432  31 [-0.030000, -0.020000]
 iIF2       0.1815      0.1153      0.1495      0.1484  31 [-0.030000, -0.020000]
 iISF       0.1371      0.0813      0.1071      0.1113  31 [-0.030000, -0.020000]
-------------------------------------------------------------------------
>> STATS for tests_out/iu51_test.bin
 #polynomials = 100    deg = 4     X = [0.020000 , 0.030000]
>> [EVAL_TIME]
Form         max          min         mean       median  deg         X
-------------------------------------------------------------------------
 iHF        0.0077      0.0067      0.0070      0.0069   4 [0.020000, 0.030000]
 iHFBZ      0.0111      0.0089      0.0093      0.0091   4 [0.020000, 0.030000]
 iMVF       0.0169      0.0086      0.0134      0.0159   4 [0.020000, 0.030000]
 iSF        0.0215      0.0109      0.0133      0.0113   4 [0.020000, 0.030000]
 iMVFBC     0.0196      0.0123      0.0185      0.0189   4 [0.020000, 0.030000]
 iTF        0.0240      0.0225      0.0231      0.0231   4 [0.020000, 0.030000]
 iTFBM      0.0287      0.0270      0.0274      0.0274   4 [0.020000, 0.030000]
 iBF        0.0511      0.0267      0.0423      0.0410   4 [0.020000, 0.030000]
 iBFBZ      0.0420      0.0267      0.0397      0.0411   4 [0.020000, 0.030000]
 iIF        0.0285      0.0259      0.0264      0.0263   4 [0.020000, 0.030000]
 iIF2       0.0426      0.0308      0.0318      0.0317   4 [0.020000, 0.030000]
 iISF       0.0262      0.0244      0.0247      0.0247   4 [0.020000, 0.030000]
-------------------------------------------------------------------------
>> STATS for tests_out/iu52_test.bin
 #polynomials = 100    deg = 5     X = [0.020000 , 0.030000]
>> [EVAL_TIME]
Form         max          min         mean       median  deg         X
-------------------------------------------------------------------------
 iHF        0.0104      0.0079      0.0083      0.0081   5 [0.020000, 0.030000]
 iHFBZ      0.0125      0.0103      0.0107      0.0105   5 [0.020000, 0.030000]
 iMVF       0.0202      0.0104      0.0149      0.0161   5 [0.020000, 0.030000]
 iSF        0.0262      0.0133      0.0232      0.0243   5 [0.020000, 0.030000]
 iMVFBC     0.0249      0.0223      0.0227      0.0226   5 [0.020000, 0.030000]
 iTF        0.0322      0.0295      0.0301      0.0299   5 [0.020000, 0.030000]
 iTFBM      0.0382      0.0352      0.0358      0.0355   5 [0.020000, 0.030000]
 iBF        0.0586      0.0525      0.0534      0.0532   5 [0.020000, 0.030000]
 iBFBZ      0.0575      0.0534      0.0545      0.0541   5 [0.020000, 0.030000]
 iIF        0.0330      0.0305      0.0314      0.0312   5 [0.020000, 0.030000]
 iIF2       0.0387      0.0355      0.0365      0.0362   5 [0.020000, 0.030000]
 iISF       0.0310      0.0277      0.0284      0.0283   5 [0.020000, 0.030000]
-------------------------------------------------------------------------
>> STATS for tests_out/iu53_test.bin
 #polynomials = 100    deg = 6     X = [0.020000 , 0.030000]
>> [EVAL_TIME]
Form         max          min         mean       median  deg         X
-------------------------------------------------------------------------
 iHF        0.0104      0.0092      0.0094      0.0094   6 [0.020000, 0.030000]
 iHFBZ      0.0113      0.0099      0.0103      0.0103   6 [0.020000, 0.030000]
 iMVF       0.0201      0.0184      0.0190      0.0189   6 [0.020000, 0.030000]
 iSF        0.0310      0.0154      0.0274      0.0283   6 [0.020000, 0.030000]
 iMVFBC     0.0270      0.0168      0.0252      0.0261   6 [0.020000, 0.030000]
 iTF        0.0415      0.0376      0.0382      0.0380   6 [0.020000, 0.030000]
 iTFBM      0.0462      0.0438      0.0444      0.0442   6 [0.020000, 0.030000]
 iBF        0.0699      0.0669      0.0678      0.0676   6 [0.020000, 0.030000]
 iBFBZ      0.1007      0.0676      0.0689      0.0684   6 [0.020000, 0.030000]
 iIF        0.0376      0.0346      0.0352      0.0350   6 [0.020000, 0.030000]
 iIF2       0.0482      0.0292      0.0421      0.0402   6 [0.020000, 0.030000]
 iISF       0.0325      0.0310      0.0313      0.0312   6 [0.020000, 0.030000]
-------------------------------------------------------------------------
>> STATS for tests_out/iu54_test.bin
 #polynomials = 100    deg = 7     X = [0.020000 , 0.030000]
>> [EVAL_TIME]
Form         max          min         mean       median  deg         X
-------------------------------------------------------------------------
 iHF        0.0122      0.0102      0.0106      0.0105   7 [0.020000, 0.030000]
 iHFBZ      0.0125      0.0111      0.0114      0.0114   7 [0.020000, 0.030000]
 iMVF       0.0232      0.0211      0.0216      0.0215   7 [0.020000, 0.030000]
 iSF        0.0295      0.0175      0.0254      0.0273   7 [0.020000, 0.030000]
 iMVFBC     0.0304      0.0190      0.0282      0.0294   7 [0.020000, 0.030000]
 iTF        0.0488      0.0463      0.0471      0.0470   7 [0.020000, 0.030000]
 iTFBM      0.0562      0.0464      0.0546      0.0545   7 [0.020000, 0.030000]
 iBF        0.0868      0.0657      0.0827      0.0838   7 [0.020000, 0.030000]
 iBFBZ      0.0958      0.0713      0.0857      0.0859   7 [0.020000, 0.030000]
 iIF        0.0419      0.0392      0.0402      0.0401   7 [0.020000, 0.030000]
 iIF2       0.0475      0.0441      0.0453      0.0451   7 [0.020000, 0.030000]
 iISF       0.0369      0.0344      0.0350      0.0348   7 [0.020000, 0.030000]
-------------------------------------------------------------------------
>> STATS for tests_out/iu55_test.bin
 #polynomials = 100    deg = 11    X = [0.020000 , 0.030000]
>> [EVAL_TIME]
Form         max          min         mean       median  deg         X
-------------------------------------------------------------------------
 iHF        0.0181      0.0148      0.0154      0.0153  11 [0.020000, 0.030000]
 iHFBZ      0.0180      0.0156      0.0162      0.0161  11 [0.020000, 0.030000]
 iMVF       0.0388      0.0312      0.0345      0.0335  11 [0.020000, 0.030000]
 iSF        0.0509      0.0260      0.0418      0.0409  11 [0.020000, 0.030000]
 iMVFBC     0.0472      0.0433      0.0446      0.0443  11 [0.020000, 0.030000]
 iTF        0.1111      0.0747      0.0964      0.0947  11 [0.020000, 0.030000]
 iTFBM      0.1243      0.0833      0.1075      0.1057  11 [0.020000, 0.030000]
 iBF        0.1951      0.1265      0.1656      0.1646  11 [0.020000, 0.030000]
 iBFBZ      0.2240      0.1199      0.1743      0.1677  11 [0.020000, 0.030000]
 iIF        0.0601      0.0363      0.0558      0.0567  11 [0.020000, 0.030000]
 iIF2       0.0639      0.0399      0.0600      0.0617  11 [0.020000, 0.030000]
 iISF       0.0495      0.0477      0.0482      0.0482  11 [0.020000, 0.030000]
-------------------------------------------------------------------------
>> STATS for tests_out/iu56_test.bin
 #polynomials = 100    deg = 16    X = [0.020000 , 0.030000]
>> [EVAL_TIME]
Form         max          min         mean       median  deg         X
-------------------------------------------------------------------------
 iHF        0.0236      0.0203      0.0209      0.0208  16 [0.020000, 0.030000]
 iHFBZ      0.0278      0.0139      0.0245      0.0252  16 [0.020000, 0.030000]
 iMVF       0.0469      0.0435      0.0442      0.0441  16 [0.020000, 0.030000]
 iSF        0.0687      0.0399      0.0616      0.0580  16 [0.020000, 0.030000]
 iMVFBC     0.0739      0.0512      0.0664      0.0680  16 [0.020000, 0.030000]
 iTF        0.1828      0.1268      0.1694      0.1721  16 [0.020000, 0.030000]
 iTFBM      0.1911      0.1480      0.1854      0.1868  16 [0.020000, 0.030000]
 iBF        0.3642      0.2957      0.3123      0.3072  16 [0.020000, 0.030000]
 iBFBZ      0.3626      0.2805      0.3111      0.3084  16 [0.020000, 0.030000]
 iIF        0.0825      0.0776      0.0791      0.0790  16 [0.020000, 0.030000]
 iIF2       0.0873      0.0825      0.0840      0.0840  16 [0.020000, 0.030000]
 iISF       0.0780      0.0631      0.0664      0.0641  16 [0.020000, 0.030000]
-------------------------------------------------------------------------
>> STATS for tests_out/iu57_test.bin
 #polynomials = 100    deg = 21    X = [0.020000 , 0.030000]
>> [EVAL_TIME]
Form         max          min         mean       median  deg         X
-------------------------------------------------------------------------
 iHF        0.0288      0.0258      0.0266      0.0266  21 [0.020000, 0.030000]
 iHFBZ      0.0353      0.0268      0.0296      0.0280  21 [0.020000, 0.030000]
 iMVF       0.0703      0.0413      0.0595      0.0577  21 [0.020000, 0.030000]
 iSF        0.1101      0.0721      0.0751      0.0747  21 [0.020000, 0.030000]
 iMVFBC     0.0806      0.0510      0.0739      0.0779  21 [0.020000, 0.030000]
 iTF        0.3229      0.2058      0.2728      0.2747  21 [0.020000, 0.030000]
 iTFBM      0.3006      0.2777      0.2953      0.2956  21 [0.020000, 0.030000]
 iBF        0.5676      0.4077      0.4862      0.4853  21 [0.020000, 0.030000]
 iBFBZ      0.4980      0.3961      0.4784      0.4849  21 [0.020000, 0.030000]
 iIF        0.1180      0.0770      0.1021      0.1009  21 [0.020000, 0.030000]
 iIF2       0.1142      0.1050      0.1075      0.1071  21 [0.020000, 0.030000]
 iISF       0.1523      0.0541      0.0844      0.0805  21 [0.020000, 0.030000]
-------------------------------------------------------------------------
>> STATS for tests_out/iu58_test.bin
 #polynomials = 100    deg = 26    X = [0.020000 , 0.030000]
>> [EVAL_TIME]
Form         max          min         mean       median  deg         X
-------------------------------------------------------------------------
 iHF        0.0420      0.0218      0.0337      0.0324  26 [0.020000, 0.030000]
 iHFBZ      0.0349      0.0214      0.0333      0.0336  26 [0.020000, 0.030000]
 iMVF       0.0830      0.0667      0.0728      0.0698  26 [0.020000, 0.030000]
 iSF        0.1143      0.0598      0.0887      0.0907  26 [0.020000, 0.030000]
 iMVFBC     0.1169      0.0871      0.0954      0.0952  26 [0.020000, 0.030000]
 iTF        0.4693      0.3164      0.3966      0.3983  26 [0.020000, 0.030000]
 iTFBM      0.4410      0.3415      0.4195      0.4236  26 [0.020000, 0.030000]
 iBF        0.7354      0.5890      0.7078      0.7113  26 [0.020000, 0.030000]
 iBFBZ      0.7335      0.5522      0.7073      0.7165  26 [0.020000, 0.030000]
 iIF        0.1445      0.1063      0.1344      0.1418  26 [0.020000, 0.030000]
 iIF2       0.1643      0.0985      0.1277      0.1284  26 [0.020000, 0.030000]
 iISF       0.1274      0.0819      0.1029      0.0984  26 [0.020000, 0.030000]
-------------------------------------------------------------------------
>> STATS for tests_out/iu59_test.bin
 #polynomials = 100    deg = 31    X = [0.020000 , 0.030000]
>> [EVAL_TIME]
Form         max          min         mean       median  deg         X
-------------------------------------------------------------------------
 iHF        0.0421      0.0242      0.0379      0.0381  31 [0.020000, 0.030000]
 iHFBZ      0.0540      0.0274      0.0444      0.0454  31 [0.020000, 0.030000]
 iMVF       0.1102      0.0646      0.0930      0.0965  31 [0.020000, 0.030000]
 iSF        0.1605      0.0786      0.1032      0.1060  31 [0.020000, 0.030000]
 iMVFBC     0.1179      0.0796      0.1139      0.1148  31 [0.020000, 0.030000]
 iTF        0.5633      0.5430      0.5516      0.5520  31 [0.020000, 0.030000]
 iTFBM      0.6236      0.5718      0.5804      0.5796  31 [0.020000, 0.030000]
 iBF        0.9865      0.6131      0.9258      0.9654  31 [0.020000, 0.030000]
 iBFBZ      1.1283      0.6126      0.7987      0.8336  31 [0.020000, 0.030000]
 iIF        0.1451      0.0903      0.1143      0.0916  31 [0.020000, 0.030000]
 iIF2       0.1504      0.1458      0.1473      0.1472  31 [0.020000, 0.030000]
 iISF       0.1136      0.0714      0.0903      0.0727  31 [0.020000, 0.030000]
-------------------------------------------------------------------------
