>> STATS for tests_out/u11_test.bin
 #polynomials = 100    deg = 4     X = [-0.030000 , 0.020000]
>> [EVAL_TIME]
Form         max          min         mean       median  deg         X
-------------------------------------------------------------------------
 HF         0.0259      0.0017      0.0021      0.0018   4 [-0.030000, 0.020000]
 HFBZ       0.0138      0.0013      0.0016      0.0014   4 [-0.030000, 0.020000]
 MVF        0.0209      0.0071      0.0077      0.0075   4 [-0.030000, 0.020000]
 SF         0.0394      0.0085      0.0138      0.0137   4 [-0.030000, 0.020000]
 MVFBC      0.0158      0.0055      0.0061      0.0055   4 [-0.030000, 0.020000]
 TF         0.0345      0.0067      0.0074      0.0068   4 [-0.030000, 0.020000]
 TFBM       0.0168      0.0083      0.0091      0.0083   4 [-0.030000, 0.020000]
 BF         0.0290      0.0124      0.0160      0.0126   4 [-0.030000, 0.020000]
 BFBZ       0.0408      0.0251      0.0311      0.0260   4 [-0.030000, 0.020000]
 IF         0.0316      0.0082      0.0124      0.0124   4 [-0.030000, 0.020000]
 IF2        0.0189      0.0146      0.0149      0.0147   4 [-0.030000, 0.020000]
 ISF        0.0176      0.0113      0.0117      0.0115   4 [-0.030000, 0.020000]
-------------------------------------------------------------------------
>> STATS for tests_out/u12_test.bin
 #polynomials = 100    deg = 5     X = [-0.030000 , 0.020000]
>> [EVAL_TIME]
Form         max          min         mean       median  deg         X
-------------------------------------------------------------------------
 HF         0.0033      0.0030      0.0031      0.0031   5 [-0.030000, 0.020000]
 HFBZ       0.0037      0.0021      0.0023      0.0022   5 [-0.030000, 0.020000]
 MVF        0.0083      0.0070      0.0072      0.0071   5 [-0.030000, 0.020000]
 SF         0.0181      0.0102      0.0158      0.0158   5 [-0.030000, 0.020000]
 MVFBC      0.0068      0.0066      0.0067      0.0067   5 [-0.030000, 0.020000]
 TF         0.0124      0.0090      0.0091      0.0091   5 [-0.030000, 0.020000]
 TFBM       0.0204      0.0109      0.0154      0.0170   5 [-0.030000, 0.020000]
 BF         0.0278      0.0165      0.0167      0.0166   5 [-0.030000, 0.020000]
 BFBZ       0.0371      0.0329      0.0333      0.0333   5 [-0.030000, 0.020000]
 IF         0.0178      0.0092      0.0137      0.0143   5 [-0.030000, 0.020000]
 IF2        0.0173      0.0108      0.0127      0.0109   5 [-0.030000, 0.020000]
 ISF        0.0140      0.0086      0.0129      0.0129   5 [-0.030000, 0.020000]
-------------------------------------------------------------------------
>> STATS for tests_out/u13_test.bin
 #polynomials = 100    deg = 6     X = [-0.030000 , 0.020000]
>> [EVAL_TIME]
Form         max          min         mean       median  deg         X
-------------------------------------------------------------------------
 HF         0.0042      0.0032      0.0038      0.0036   6 [-0.030000, 0.020000]
 HFBZ       0.0080      0.0023      0.0026      0.0024   6 [-0.030000, 0.020000]
 MVF        0.0096      0.0076      0.0084      0.0084   6 [-0.030000, 0.020000]
 SF         0.0290      0.0184      0.0199      0.0196   6 [-0.030000, 0.020000]
 MVFBC      0.0199      0.0118      0.0123      0.0121   6 [-0.030000, 0.020000]
 TF         0.0316      0.0118      0.0185      0.0181   6 [-0.030000, 0.020000]
 TFBM       0.0250      0.0139      0.0203      0.0216   6 [-0.030000, 0.020000]
 BF         0.0376      0.0311      0.0336      0.0334   6 [-0.030000, 0.020000]
 BFBZ       0.0665      0.0426      0.0528      0.0432   6 [-0.030000, 0.020000]
 IF         0.0196      0.0104      0.0116      0.0105   6 [-0.030000, 0.020000]
 IF2        0.0195      0.0120      0.0143      0.0121   6 [-0.030000, 0.020000]
 ISF        0.0184      0.0095      0.0160      0.0173   6 [-0.030000, 0.020000]
-------------------------------------------------------------------------
>> STATS for tests_out/u14_test.bin
 #polynomials = 100    deg = 7     X = [-0.030000 , 0.020000]
>> [EVAL_TIME]
Form         max          min         mean       median  deg         X
-------------------------------------------------------------------------
 HF         0.0041      0.0027      0.0036      0.0040   7 [-0.030000, 0.020000]
 HFBZ       0.0018      0.0017      0.0017      0.0017   7 [-0.030000, 0.020000]
 MVF        0.0110      0.0062      0.0066      0.0063   7 [-0.030000, 0.020000]
 SF         0.0282      0.0137      0.0214      0.0230   7 [-0.030000, 0.020000]
 MVFBC      0.0146      0.0089      0.0136      0.0138   7 [-0.030000, 0.020000]
 TF         0.0276      0.0225      0.0256      0.0269   7 [-0.030000, 0.020000]
 TFBM       0.0272      0.0173      0.0260      0.0264   7 [-0.030000, 0.020000]
 BF         0.0468      0.0314      0.0411      0.0410   7 [-0.030000, 0.020000]
 BFBZ       0.1282      0.0817      0.0839      0.0827   7 [-0.030000, 0.020000]
 IF         0.0244      0.0184      0.0189      0.0187   7 [-0.030000, 0.020000]
 IF2        0.0517      0.0209      0.0244      0.0246   7 [-0.030000, 0.020000]
 ISF        0.0180      0.0161      0.0164      0.0162   7 [-0.030000, 0.020000]
-------------------------------------------------------------------------
>> STATS for tests_out/u15_test.bin
 #polynomials = 100    deg = 11    X = [-0.030000 , 0.020000]
>> [EVAL_TIME]
Form         max          min         mean       median  deg         X
-------------------------------------------------------------------------
 HF         0.0064      0.0060      0.0061      0.0061  11 [-0.030000, 0.020000]
 HFBZ       0.0046      0.0035      0.0036      0.0036  11 [-0.030000, 0.020000]
 MVF        0.0181      0.0143      0.0151      0.0147  11 [-0.030000, 0.020000]
 SF         0.0415      0.0218      0.0342      0.0328  11 [-0.030000, 0.020000]
 MVFBC      0.0257      0.0202      0.0230      0.0243  11 [-0.030000, 0.020000]
 TF         0.0565      0.0298      0.0498      0.0546  11 [-0.030000, 0.020000]
 TFBM       0.0512      0.0341      0.0502      0.0508  11 [-0.030000, 0.020000]
 BF         0.0882      0.0808      0.0823      0.0820  11 [-0.030000, 0.020000]
 BFBZ       0.1968      0.1625      0.1682      0.1643  11 [-0.030000, 0.020000]
 IF         0.0336      0.0267      0.0277      0.0271  11 [-0.030000, 0.020000]
 IF2        0.0362      0.0190      0.0314      0.0348  11 [-0.030000, 0.020000]
 ISF        0.0276      0.0144      0.0199      0.0192  11 [-0.030000, 0.020000]
-------------------------------------------------------------------------
>> STATS for tests_out/u16_test.bin
 #polynomials = 100    deg = 16    X = [-0.030000 , 0.020000]
>> [EVAL_TIME]
Form         max          min         mean       median  deg         X
-------------------------------------------------------------------------
 HF         0.0093      0.0081      0.0083      0.0082  16 [-0.030000, 0.020000]
 HFBZ       0.0058      0.0046      0.0047      0.0046  16 [-0.030000, 0.020000]
 MVF        0.0202      0.0196      0.0199      0.0199  16 [-0.030000, 0.020000]
 SF         0.0489      0.0440      0.0453      0.0452  16 [-0.030000, 0.020000]
 MVFBC      0.0342      0.0280      0.0295      0.0284  16 [-0.030000, 0.020000]
 TF         0.1049      0.0660      0.0862      0.0846  16 [-0.030000, 0.020000]
 TFBM       0.0964      0.0673      0.0847      0.0906  16 [-0.030000, 0.020000]
 BF         0.1565      0.1109      0.1499      0.1514  16 [-0.030000, 0.020000]
 BFBZ       0.3184      0.2786      0.3045      0.3043  16 [-0.030000, 0.020000]
 IF         0.0407      0.0369      0.0379      0.0377  16 [-0.030000, 0.020000]
 IF2        0.0503      0.0311      0.0455      0.0479  16 [-0.030000, 0.020000]
 ISF        0.0321      0.0300      0.0307      0.0307  16 [-0.030000, 0.020000]
-------------------------------------------------------------------------
>> STATS for tests_out/u17_test.bin
 #polynomials = 100    deg = 21    X = [-0.030000 , 0.020000]
>> [EVAL_TIME]
Form         max          min         mean       median  deg         X
-------------------------------------------------------------------------
 HF         0.0119      0.0106      0.0109      0.0108  21 [-0.030000, 0.020000]
 HFBZ       0.0070      0.0058      0.0059      0.0059  21 [-0.030000, 0.020000]
 MVF        0.0285      0.0256      0.0263      0.0262  21 [-0.030000, 0.020000]
 SF         0.0727      0.0570      0.0627      0.0593  21 [-0.030000, 0.020000]
 MVFBC      0.0443      0.0363      0.0378      0.0370  21 [-0.030000, 0.020000]
 TF         0.1632      0.1041      0.1385      0.1363  21 [-0.030000, 0.020000]
 TFBM       0.1618      0.1184      0.1454      0.1454  21 [-0.030000, 0.020000]
 BF         0.2878      0.1911      0.2444      0.2420  21 [-0.030000, 0.020000]
 BFBZ       0.5719      0.3775      0.4653      0.4809  21 [-0.030000, 0.020000]
 IF         0.0497      0.0474      0.0481      0.0480  21 [-0.030000, 0.020000]
 IF2        0.0602      0.0495      0.0504      0.0502  21 [-0.030000, 0.020000]
 ISF        0.0399      0.0377      0.0382      0.0381  21 [-0.030000, 0.020000]
-------------------------------------------------------------------------
>> STATS for tests_out/u18_test.bin
 #polynomials = 100    deg = 26    X = [-0.030000 , 0.020000]
>> [EVAL_TIME]
Form         max          min         mean       median  deg         X
-------------------------------------------------------------------------
 HF         0.0144      0.0132      0.0134      0.0134  26 [-0.030000, 0.020000]
 HFBZ       0.0081      0.0069      0.0071      0.0070  26 [-0.030000, 0.020000]
 MVF        0.0412      0.0259      0.0338      0.0320  26 [-0.030000, 0.020000]
 SF         0.0873      0.0704      0.0724      0.0720  26 [-0.030000, 0.020000]
 MVFBC      0.0486      0.0446      0.0455      0.0451  26 [-0.030000, 0.020000]
 TF         0.2083      0.1595      0.1969      0.1980  26 [-0.030000, 0.020000]
 TFBM       0.2191      0.1691      0.2075      0.2088  26 [-0.030000, 0.020000]
 BF         0.4195      0.2963      0.3516      0.3528  26 [-0.030000, 0.020000]
 BFBZ       0.8376      0.5701      0.7080      0.7085  26 [-0.030000, 0.020000]
 IF         0.0703      0.0409      0.0595      0.0584  26 [-0.030000, 0.020000]
 IF2        0.0736      0.0599      0.0635      0.0611  26 [-0.030000, 0.020000]
 ISF        0.0482      0.0455      0.0461      0.0459  26 [-0.030000, 0.020000]
-------------------------------------------------------------------------
>> STATS for tests_out/u19_test.bin
 #polynomials = 100    deg = 31    X = [-0.030000 , 0.020000]
>> [EVAL_TIME]
Form         max          min         mean       median  deg         X
-------------------------------------------------------------------------
 HF         0.0168      0.0152      0.0154      0.0154  31 [-0.030000, 0.020000]
 HFBZ       0.0094      0.0079      0.0080      0.0080  31 [-0.030000, 0.020000]
 MVF        0.0392      0.0370      0.0374      0.0372  31 [-0.030000, 0.020000]
 SF         0.0890      0.0821      0.0844      0.0842  31 [-0.030000, 0.020000]
 MVFBC      0.0555      0.0400      0.0533      0.0535  31 [-0.030000, 0.020000]
 TF         0.2802      0.2103      0.2650      0.2725  31 [-0.030000, 0.020000]
 TFBM       0.3456      0.2211      0.2845      0.2855  31 [-0.030000, 0.020000]
 BF         0.5757      0.3776      0.4799      0.4878  31 [-0.030000, 0.020000]
 BFBZ       1.1548      0.8011      0.9589      0.9648  31 [-0.030000, 0.020000]
 IF         0.0890      0.0453      0.0684      0.0686  31 [-0.030000, 0.020000]
 IF2        0.0875      0.0506      0.0787      0.0842  31 [-0.030000, 0.020000]
 ISF        0.0659      0.0351      0.0535      0.0536  31 [-0.030000, 0.020000]
-------------------------------------------------------------------------
>> STATS for tests_out/u21_test.bin
 #polynomials = 100    deg = 4     X = [-0.015000 , 0.010000]
>> [EVAL_TIME]
Form         max          min         mean       median  deg         X
-------------------------------------------------------------------------
 HF         0.0033      0.0018      0.0032      0.0032   4 [-0.015000, 0.010000]
 HFBZ       0.0025      0.0015      0.0024      0.0024   4 [-0.015000, 0.010000]
 MVF        0.0079      0.0071      0.0072      0.0072   4 [-0.015000, 0.010000]
 SF         0.0185      0.0136      0.0150      0.0148   4 [-0.015000, 0.010000]
 MVFBC      0.0096      0.0086      0.0088      0.0088   4 [-0.015000, 0.010000]
 TF         0.0109      0.0106      0.0107      0.0107   4 [-0.015000, 0.010000]
 TFBM       0.0221      0.0128      0.0132      0.0130   4 [-0.015000, 0.010000]
 BF         0.0210      0.0195      0.0197      0.0197   4 [-0.015000, 0.010000]
 BFBZ       0.0418      0.0328      0.0396      0.0397   4 [-0.015000, 0.010000]
 IF         0.0163      0.0081      0.0148      0.0151   4 [-0.015000, 0.010000]
 IF2        0.0183      0.0096      0.0134      0.0148   4 [-0.015000, 0.010000]
 ISF        0.0139      0.0075      0.0102      0.0117   4 [-0.015000, 0.010000]
-------------------------------------------------------------------------
>> STATS for tests_out/u22_test.bin
 #polynomials = 100    deg = 5     X = [-0.015000 , 0.010000]
>> [EVAL_TIME]
Form         max          min         mean       median  deg         X
-------------------------------------------------------------------------
 HF         0.0034      0.0031      0.0032      0.0032   5 [-0.015000, 0.010000]
 HFBZ       0.0030      0.0021      0.0022      0.0022   5 [-0.015000, 0.010000]
 MVF        0.0085      0.0072      0.0074      0.0074   5 [-0.015000, 0.010000]
 SF         0.0308      0.0106      0.0166      0.0168   5 [-0.015000, 0.010000]
 MVFBC      0.0371      0.0103      0.0110      0.0105   5 [-0.015000, 0.010000]
 TF         0.0164      0.0092      0.0137      0.0143   5 [-0.015000, 0.010000]
 TFBM       0.0197      0.0172      0.0175      0.0175   5 [-0.015000, 0.010000]
 BF         0.0500      0.0168      0.0245      0.0259   5 [-0.015000, 0.010000]
 BFBZ       0.0619      0.0372      0.0514      0.0519   5 [-0.015000, 0.010000]
 IF         0.0332      0.0169      0.0174      0.0170   5 [-0.015000, 0.010000]
 IF2        0.0208      0.0198      0.0200      0.0200   5 [-0.015000, 0.010000]
 ISF        0.0164      0.0131      0.0145      0.0138   5 [-0.015000, 0.010000]
-------------------------------------------------------------------------
>> STATS for tests_out/u23_test.bin
 #polynomials = 100    deg = 6     X = [-0.015000 , 0.010000]
>> [EVAL_TIME]
Form         max          min         mean       median  deg         X
-------------------------------------------------------------------------
 HF         0.0038      0.0036      0.0037      0.0037   6 [-0.015000, 0.010000]
 HFBZ       0.0036      0.0024      0.0025      0.0025   6 [-0.015000, 0.010000]
 MVF        0.0101      0.0055      0.0075      0.0084   6 [-0.015000, 0.010000]
 SF         0.0247      0.0130      0.0199      0.0197   6 [-0.015000, 0.010000]
 MVFBC      0.0290      0.0144      0.0150      0.0147   6 [-0.015000, 0.010000]
 TF         0.0222      0.0118      0.0172      0.0166   6 [-0.015000, 0.010000]
 TFBM       0.0583      0.0159      0.0220      0.0212   6 [-0.015000, 0.010000]
 BF         0.0343      0.0326      0.0329      0.0328   6 [-0.015000, 0.010000]
 BFBZ       0.1073      0.0659      0.0677      0.0667   6 [-0.015000, 0.010000]
 IF         0.0178      0.0161      0.0165      0.0164   6 [-0.015000, 0.010000]
 IF2        0.0211      0.0124      0.0189      0.0190   6 [-0.015000, 0.010000]
 ISF        0.0176      0.0146      0.0149      0.0147   6 [-0.015000, 0.010000]
-------------------------------------------------------------------------
>> STATS for tests_out/u24_test.bin
 #polynomials = 100    deg = 7     X = [-0.015000 , 0.010000]
>> [EVAL_TIME]
Form         max          min         mean       median  deg         X
-------------------------------------------------------------------------
 HF         0.0051      0.0040      0.0041      0.0040   7 [-0.015000, 0.010000]
 HFBZ       0.0043      0.0032      0.0032      0.0032   7 [-0.015000, 0.010000]
 MVF        0.0117      0.0112      0.0114      0.0114   7 [-0.015000, 0.010000]
 SF         0.0294      0.0137      0.0237      0.0230   7 [-0.015000, 0.010000]
 MVFBC      0.0147      0.0136      0.0137      0.0137   7 [-0.015000, 0.010000]
 TF         0.0293      0.0225      0.0257      0.0269   7 [-0.015000, 0.010000]
 TFBM       0.0316      0.0176      0.0268      0.0265   7 [-0.015000, 0.010000]
 BF         0.0421      0.0282      0.0405      0.0409   7 [-0.015000, 0.010000]
 BFBZ       0.0987      0.0814      0.0851      0.0820   7 [-0.015000, 0.010000]
 IF         0.0233      0.0121      0.0205      0.0221   7 [-0.015000, 0.010000]
 IF2        0.0263      0.0168      0.0223      0.0214   7 [-0.015000, 0.010000]
 ISF        0.0207      0.0163      0.0184      0.0194   7 [-0.015000, 0.010000]
-------------------------------------------------------------------------
>> STATS for tests_out/u25_test.bin
 #polynomials = 100    deg = 11    X = [-0.015000 , 0.010000]
>> [EVAL_TIME]
Form         max          min         mean       median  deg         X
-------------------------------------------------------------------------
 HF         0.0071      0.0059      0.0061      0.0060  11 [-0.015000, 0.010000]
 HFBZ       0.0046      0.0035      0.0036      0.0036  11 [-0.015000, 0.010000]
 MVF        0.0158      0.0139      0.0146      0.0146  11 [-0.015000, 0.010000]
 SF         0.0344      0.0220      0.0321      0.0319  11 [-0.015000, 0.010000]
 MVFBC      0.0259      0.0201      0.0211      0.0205  11 [-0.015000, 0.010000]
 TF         0.0521      0.0453      0.0463      0.0462  11 [-0.015000, 0.010000]
 TFBM       0.0615      0.0431      0.0573      0.0603  11 [-0.015000, 0.010000]
 BF         0.1043      0.0601      0.0846      0.0815  11 [-0.015000, 0.010000]
 BFBZ       0.1949      0.1292      0.1648      0.1635  11 [-0.015000, 0.010000]
 IF         0.0321      0.0266      0.0274      0.0268  11 [-0.015000, 0.010000]
 IF2        0.0359      0.0352      0.0355      0.0355  11 [-0.015000, 0.010000]
 ISF        0.0271      0.0146      0.0220      0.0224  11 [-0.015000, 0.010000]
-------------------------------------------------------------------------
>> STATS for tests_out/u26_test.bin
 #polynomials = 100    deg = 16    X = [-0.015000 , 0.010000]
>> [EVAL_TIME]
Form         max          min         mean       median  deg         X
-------------------------------------------------------------------------
 HF         0.0086      0.0054      0.0070      0.0075  16 [-0.015000, 0.010000]
 HFBZ       0.0048      0.0030      0.0039      0.0047  16 [-0.015000, 0.010000]
 MVF        0.0212      0.0198      0.0201      0.0200  16 [-0.015000, 0.010000]
 SF         0.0570      0.0290      0.0494      0.0470  16 [-0.015000, 0.010000]
 MVFBC      0.0349      0.0184      0.0268      0.0283  16 [-0.015000, 0.010000]
 TF         0.0848      0.0836      0.0841      0.0840  16 [-0.015000, 0.010000]
 TFBM       0.0934      0.0646      0.0892      0.0906  16 [-0.015000, 0.010000]
 BF         0.1559      0.1127      0.1501      0.1508  16 [-0.015000, 0.010000]
 BFBZ       0.3095      0.2380      0.3004      0.3028  16 [-0.015000, 0.010000]
 IF         0.0389      0.0367      0.0374      0.0373  16 [-0.015000, 0.010000]
 IF2        0.0409      0.0260      0.0378      0.0398  16 [-0.015000, 0.010000]
 ISF        0.0374      0.0198      0.0306      0.0305  16 [-0.015000, 0.010000]
-------------------------------------------------------------------------
>> STATS for tests_out/u27_test.bin
 #polynomials = 100    deg = 21    X = [-0.015000 , 0.010000]
>> [EVAL_TIME]
Form         max          min         mean       median  deg         X
-------------------------------------------------------------------------
 HF         0.0110      0.0107      0.0109      0.0109  21 [-0.015000, 0.010000]
 HFBZ       0.0070      0.0048      0.0059      0.0059  21 [-0.015000, 0.010000]
 MVF        0.0275      0.0261      0.0265      0.0265  21 [-0.015000, 0.010000]
 SF         0.0617      0.0393      0.0558      0.0580  21 [-0.015000, 0.010000]
 MVFBC      0.0389      0.0363      0.0371      0.0370  21 [-0.015000, 0.010000]
 TF         0.1625      0.1323      0.1368      0.1340  21 [-0.015000, 0.010000]
 TFBM       0.1505      0.1448      0.1468      0.1466  21 [-0.015000, 0.010000]
 BF         0.2873      0.2370      0.2467      0.2432  21 [-0.015000, 0.010000]
 BFBZ       0.5609      0.4695      0.4848      0.4829  21 [-0.015000, 0.010000]
 IF         0.0498      0.0475      0.0482      0.0481  21 [-0.015000, 0.010000]
 IF2        0.0531      0.0498      0.0508      0.0507  21 [-0.015000, 0.010000]
 ISF        0.0407      0.0375      0.0384      0.0383  21 [-0.015000, 0.010000]
-------------------------------------------------------------------------
>> STATS for tests_out/u28_test.bin
 #polynomials = 100    deg = 26    X = [-0.015000 , 0.010000]
>> [EVAL_TIME]
Form         max          min         mean       median  deg         X
-------------------------------------------------------------------------
 HF         0.0135      0.0131      0.0133      0.0133  26 [-0.015000, 0.010000]
 HFBZ       0.0082      0.0069      0.0071      0.0071  26 [-0.015000, 0.010000]
 MVF        0.0335      0.0315      0.0320      0.0319  26 [-0.015000, 0.010000]
 SF         0.0758      0.0700      0.0724      0.0721  26 [-0.015000, 0.010000]
 MVFBC      0.0468      0.0447      0.0453      0.0453  26 [-0.015000, 0.010000]
 TF         0.2051      0.1961      0.1999      0.1998  26 [-0.015000, 0.010000]
 TFBM       0.3108      0.1545      0.2192      0.2132  26 [-0.015000, 0.010000]
 BF         0.4163      0.2899      0.3518      0.3542  26 [-0.015000, 0.010000]
 BFBZ       0.7257      0.6919      0.7133      0.7130  26 [-0.015000, 0.010000]
 IF         0.0713      0.0377      0.0633      0.0675  26 [-0.015000, 0.010000]
 IF2        0.0724      0.0455      0.0651      0.0621  26 [-0.015000, 0.010000]
 ISF        0.0551      0.0431      0.0496      0.0467  26 [-0.015000, 0.010000]
-------------------------------------------------------------------------
>> STATS for tests_out/u29_test.bin
 #polynomials = 100    deg = 31    X = [-0.015000 , 0.010000]
>> [EVAL_TIME]
Form         max          min         mean       median  deg         X
-------------------------------------------------------------------------
 HF         0.0185      0.0156      0.0176      0.0181  31 [-0.015000, 0.010000]
 HFBZ       0.0084      0.0081      0.0082      0.0082  31 [-0.015000, 0.010000]
 MVF        0.0408      0.0374      0.0384      0.0382  31 [-0.015000, 0.010000]
 SF         0.1040      0.0692      0.0882      0.0856  31 [-0.015000, 0.010000]
 MVFBC      0.0636      0.0525      0.0557      0.0537  31 [-0.015000, 0.010000]
 TF         0.3250      0.2476      0.2765      0.2744  31 [-0.015000, 0.010000]
 TFBM       0.3784      0.2556      0.2913      0.2899  31 [-0.015000, 0.010000]
 BF         0.5835      0.3984      0.4873      0.4841  31 [-0.015000, 0.010000]
 BFBZ       0.9865      0.8956      0.9721      0.9749  31 [-0.015000, 0.010000]
 IF         0.0698      0.0674      0.0682      0.0681  31 [-0.015000, 0.010000]
 IF2        0.0748      0.0493      0.0689      0.0704  31 [-0.015000, 0.010000]
 ISF        0.0568      0.0527      0.0539      0.0538  31 [-0.015000, 0.010000]
-------------------------------------------------------------------------
>> STATS for tests_out/u31_test.bin
 #polynomials = 100    deg = 4     X = [-0.010000 , 0.010000]
>> [EVAL_TIME]
Form         max          min         mean       median  deg         X
-------------------------------------------------------------------------
 HF         0.0033      0.0031      0.0032      0.0032   4 [-0.010000, 0.010000]
 HFBZ       0.0071      0.0019      0.0021      0.0020   4 [-0.010000, 0.010000]
 MVF        0.0084      0.0072      0.0073      0.0073   4 [-0.010000, 0.010000]
 SF         0.0184      0.0134      0.0157      0.0162   4 [-0.010000, 0.010000]
 MVFBC      0.0118      0.0104      0.0107      0.0107   4 [-0.010000, 0.010000]
 TF         0.0131      0.0070      0.0095      0.0108   4 [-0.010000, 0.010000]
 TFBM       0.0168      0.0131      0.0146      0.0154   4 [-0.010000, 0.010000]
 BF         0.0237      0.0127      0.0209      0.0198   4 [-0.010000, 0.010000]
 BFBZ       0.0410      0.0256      0.0357      0.0372   4 [-0.010000, 0.010000]
 IF         0.0127      0.0081      0.0101      0.0100   4 [-0.010000, 0.010000]
 IF2        0.0163      0.0098      0.0145      0.0150   4 [-0.010000, 0.010000]
 ISF        0.0133      0.0115      0.0118      0.0117   4 [-0.010000, 0.010000]
-------------------------------------------------------------------------
>> STATS for tests_out/u32_test.bin
 #polynomials = 100    deg = 5     X = [-0.010000 , 0.010000]
>> [EVAL_TIME]
Form         max          min         mean       median  deg         X
-------------------------------------------------------------------------
 HF         0.0033      0.0031      0.0032      0.0032   5 [-0.010000, 0.010000]
 HFBZ       0.0031      0.0021      0.0022      0.0022   5 [-0.010000, 0.010000]
 MVF        0.0087      0.0068      0.0074      0.0074   5 [-0.010000, 0.010000]
 SF         0.0186      0.0105      0.0161      0.0162   5 [-0.010000, 0.010000]
 MVFBC      0.0169      0.0103      0.0105      0.0104   5 [-0.010000, 0.010000]
 TF         0.0155      0.0140      0.0144      0.0144   5 [-0.010000, 0.010000]
 TFBM       0.0187      0.0168      0.0172      0.0172   5 [-0.010000, 0.010000]
 BF         0.0273      0.0169      0.0249      0.0260   5 [-0.010000, 0.010000]
 BFBZ       0.0551      0.0409      0.0520      0.0527   5 [-0.010000, 0.010000]
 IF         0.0167      0.0144      0.0146      0.0145   5 [-0.010000, 0.010000]
 IF2        0.0207      0.0110      0.0173      0.0198   5 [-0.010000, 0.010000]
 ISF        0.0157      0.0085      0.0123      0.0132   5 [-0.010000, 0.010000]
-------------------------------------------------------------------------
>> STATS for tests_out/u33_test.bin
 #polynomials = 100    deg = 6     X = [-0.010000 , 0.010000]
>> [EVAL_TIME]
Form         max          min         mean       median  deg         X
-------------------------------------------------------------------------
 HF         0.0037      0.0036      0.0036      0.0036   6 [-0.010000, 0.010000]
 HFBZ       0.0055      0.0024      0.0025      0.0024   6 [-0.010000, 0.010000]
 MVF        0.0099      0.0083      0.0086      0.0085   6 [-0.010000, 0.010000]
 SF         0.0232      0.0186      0.0197      0.0196   6 [-0.010000, 0.010000]
 MVFBC      0.0139      0.0120      0.0123      0.0122   6 [-0.010000, 0.010000]
 TF         0.0230      0.0180      0.0196      0.0184   6 [-0.010000, 0.010000]
 TFBM       0.0225      0.0211      0.0215      0.0214   6 [-0.010000, 0.010000]
 BF         0.0348      0.0326      0.0332      0.0331   6 [-0.010000, 0.010000]
 BFBZ       0.0703      0.0436      0.0665      0.0673   6 [-0.010000, 0.010000]
 IF         0.0170      0.0108      0.0161      0.0165   6 [-0.010000, 0.010000]
 IF2        0.0210      0.0188      0.0193      0.0192   6 [-0.010000, 0.010000]
 ISF        0.0160      0.0146      0.0148      0.0148   6 [-0.010000, 0.010000]
-------------------------------------------------------------------------
>> STATS for tests_out/u34_test.bin
 #polynomials = 100    deg = 7     X = [-0.010000 , 0.010000]
>> [EVAL_TIME]
Form         max          min         mean       median  deg         X
-------------------------------------------------------------------------
 HF         0.0050      0.0048      0.0049      0.0049   7 [-0.010000, 0.010000]
 HFBZ       0.0034      0.0017      0.0021      0.0017   7 [-0.010000, 0.010000]
 MVF        0.0116      0.0063      0.0082      0.0066   7 [-0.010000, 0.010000]
 SF         0.0251      0.0139      0.0212      0.0216   7 [-0.010000, 0.010000]
 MVFBC      0.0164      0.0089      0.0124      0.0134   7 [-0.010000, 0.010000]
 TF         0.0240      0.0150      0.0227      0.0227   7 [-0.010000, 0.010000]
 TFBM       0.0324      0.0171      0.0278      0.0289   7 [-0.010000, 0.010000]
 BF         0.0428      0.0407      0.0413      0.0412   7 [-0.010000, 0.010000]
 BFBZ       0.1086      0.0622      0.0848      0.0831   7 [-0.010000, 0.010000]
 IF         0.0201      0.0184      0.0188      0.0187   7 [-0.010000, 0.010000]
 IF2        0.0229      0.0208      0.0212      0.0212   7 [-0.010000, 0.010000]
 ISF        0.0183      0.0158      0.0162      0.0161   7 [-0.010000, 0.010000]
-------------------------------------------------------------------------
>> STATS for tests_out/u35_test.bin
 #polynomials = 100    deg = 11    X = [-0.010000 , 0.010000]
>> [EVAL_TIME]
Form         max          min         mean       median  deg         X
-------------------------------------------------------------------------
 HF         0.0084      0.0059      0.0061      0.0060  11 [-0.010000, 0.010000]
 HFBZ       0.0047      0.0035      0.0036      0.0036  11 [-0.010000, 0.010000]
 MVF        0.0164      0.0142      0.0145      0.0143  11 [-0.010000, 0.010000]
 SF         0.0416      0.0315      0.0358      0.0372  11 [-0.010000, 0.010000]
 MVFBC      0.0242      0.0233      0.0239      0.0239  11 [-0.010000, 0.010000]
 TF         0.0547      0.0303      0.0451      0.0451  11 [-0.010000, 0.010000]
 TFBM       0.1068      0.0388      0.0550      0.0513  11 [-0.010000, 0.010000]
 BF         0.0844      0.0794      0.0816      0.0814  11 [-0.010000, 0.010000]
 BFBZ       0.1745      0.1317      0.1633      0.1636  11 [-0.010000, 0.010000]
 IF         0.0279      0.0264      0.0268      0.0268  11 [-0.010000, 0.010000]
 IF2        0.0299      0.0191      0.0280      0.0291  11 [-0.010000, 0.010000]
 ISF        0.0266      0.0144      0.0213      0.0221  11 [-0.010000, 0.010000]
-------------------------------------------------------------------------
>> STATS for tests_out/u36_test.bin
 #polynomials = 100    deg = 16    X = [-0.010000 , 0.010000]
>> [EVAL_TIME]
Form         max          min         mean       median  deg         X
-------------------------------------------------------------------------
 HF         0.0332      0.0055      0.0090      0.0085  16 [-0.010000, 0.010000]
 HFBZ       0.0274      0.0046      0.0054      0.0048  16 [-0.010000, 0.010000]
 MVF        0.0448      0.0203      0.0210      0.0207  16 [-0.010000, 0.010000]
 SF         0.0719      0.0450      0.0510      0.0535  16 [-0.010000, 0.010000]
 MVFBC      0.0406      0.0184      0.0308      0.0289  16 [-0.010000, 0.010000]
 TF         0.1310      0.0828      0.0859      0.0850  16 [-0.010000, 0.010000]
 TFBM       0.1109      0.0631      0.0966      0.0921  16 [-0.010000, 0.010000]
 BF         0.1844      0.1212      0.1541      0.1526  16 [-0.010000, 0.010000]
 BFBZ       0.3093      0.2969      0.3021      0.3019  16 [-0.010000, 0.010000]
 IF         0.0706      0.0239      0.0373      0.0375  16 [-0.010000, 0.010000]
 IF2        0.0540      0.0262      0.0397      0.0394  16 [-0.010000, 0.010000]
 ISF        0.0493      0.0296      0.0348      0.0356  16 [-0.010000, 0.010000]
-------------------------------------------------------------------------
>> STATS for tests_out/u37_test.bin
 #polynomials = 100    deg = 21    X = [-0.010000 , 0.010000]
>> [EVAL_TIME]
Form         max          min         mean       median  deg         X
-------------------------------------------------------------------------
 HF         0.0109      0.0069      0.0103      0.0106  21 [-0.010000, 0.010000]
 HFBZ       0.0071      0.0037      0.0047      0.0043  21 [-0.010000, 0.010000]
 MVF        0.0268      0.0168      0.0241      0.0259  21 [-0.010000, 0.010000]
 SF         0.0696      0.0402      0.0550      0.0572  21 [-0.010000, 0.010000]
 MVFBC      0.0386      0.0361      0.0366      0.0364  21 [-0.010000, 0.010000]
 TF         0.1669      0.1277      0.1374      0.1350  21 [-0.010000, 0.010000]
 TFBM       0.1538      0.1327      0.1458      0.1456  21 [-0.010000, 0.010000]
 BF         0.2894      0.2395      0.2491      0.2447  21 [-0.010000, 0.010000]
 BFBZ       0.5751      0.3861      0.4780      0.4821  21 [-0.010000, 0.010000]
 IF         0.0484      0.0317      0.0466      0.0476  21 [-0.010000, 0.010000]
 IF2        0.0624      0.0497      0.0538      0.0510  21 [-0.010000, 0.010000]
 ISF        0.0394      0.0365      0.0375      0.0374  21 [-0.010000, 0.010000]
-------------------------------------------------------------------------
>> STATS for tests_out/u38_test.bin
 #polynomials = 100    deg = 26    X = [-0.010000 , 0.010000]
>> [EVAL_TIME]
Form         max          min         mean       median  deg         X
-------------------------------------------------------------------------
 HF         0.0152      0.0129      0.0133      0.0132  26 [-0.010000, 0.010000]
 HFBZ       0.0097      0.0084      0.0085      0.0085  26 [-0.010000, 0.010000]
 MVF        0.0389      0.0206      0.0304      0.0317  26 [-0.010000, 0.010000]
 SF         0.0891      0.0482      0.0746      0.0722  26 [-0.010000, 0.010000]
 MVFBC      0.0548      0.0291      0.0486      0.0465  26 [-0.010000, 0.010000]
 TF         0.2383      0.1485      0.1939      0.1970  26 [-0.010000, 0.010000]
 TFBM       0.2162      0.1541      0.2016      0.2089  26 [-0.010000, 0.010000]
 BF         0.3544      0.2850      0.3430      0.3486  26 [-0.010000, 0.010000]
 BFBZ       0.7141      0.5710      0.6864      0.7025  26 [-0.010000, 0.010000]
 IF         0.0655      0.0467      0.0576      0.0574  26 [-0.010000, 0.010000]
 IF2        0.0774      0.0596      0.0630      0.0604  26 [-0.010000, 0.010000]
 ISF        0.0485      0.0443      0.0451      0.0448  26 [-0.010000, 0.010000]
-------------------------------------------------------------------------
>> STATS for tests_out/u39_test.bin
 #polynomials = 100    deg = 31    X = [-0.010000 , 0.010000]
>> [EVAL_TIME]
Form         max          min         mean       median  deg         X
-------------------------------------------------------------------------
 HF         0.0168      0.0152      0.0154      0.0154  31 [-0.010000, 0.010000]
 HFBZ       0.0102      0.0098      0.0100      0.0100  31 [-0.010000, 0.010000]
 MVF        0.0456      0.0243      0.0342      0.0366  31 [-0.010000, 0.010000]
 SF         0.0881      0.0827      0.0842      0.0839  31 [-0.010000, 0.010000]
 MVFBC      0.0559      0.0345      0.0511      0.0532  31 [-0.010000, 0.010000]
 TF         0.2818      0.2101      0.2516      0.2572  31 [-0.010000, 0.010000]
 TFBM       0.3020      0.2181      0.2827      0.2871  31 [-0.010000, 0.010000]
 BF         0.5850      0.3784      0.4811      0.4865  31 [-0.010000, 0.010000]
 BFBZ       1.0084      0.7825      0.9603      0.9649  31 [-0.010000, 0.010000]
 IF         0.0837      0.0629      0.0713      0.0690  31 [-0.010000, 0.010000]
 IF2        0.0741      0.0707      0.0716      0.0713  31 [-0.010000, 0.010000]
 ISF        0.0543      0.0522      0.0528      0.0527  31 [-0.010000, 0.010000]
-------------------------------------------------------------------------
>> STATS for tests_out/u41_test.bin
 #polynomials = 100    deg = 4     X = [-0.030000 , -0.020000]
>> [EVAL_TIME]
Form         max          min         mean       median  deg         X
-------------------------------------------------------------------------
 HF         0.0045      0.0029      0.0032      0.0032   4 [-0.030000, -0.020000]
 HFBZ       0.0044      0.0033      0.0036      0.0035   4 [-0.030000, -0.020000]
 MVF        0.0086      0.0063      0.0067      0.0066   4 [-0.030000, -0.020000]
 SF         0.0120      0.0084      0.0090      0.0089   4 [-0.030000, -0.020000]
 MVFBC      0.0106      0.0090      0.0093      0.0093   4 [-0.030000, -0.020000]
 TF         0.0128      0.0106      0.0108      0.0107   4 [-0.030000, -0.020000]
 TFBM       0.0159      0.0129      0.0132      0.0131   4 [-0.030000, -0.020000]
 BF         0.0233      0.0194      0.0214      0.0216   4 [-0.030000, -0.020000]
 BFBZ       0.0240      0.0198      0.0202      0.0200   4 [-0.030000, -0.020000]
 IF         0.0158      0.0137      0.0153      0.0152   4 [-0.030000, -0.020000]
 IF2        0.0192      0.0102      0.0177      0.0181   4 [-0.030000, -0.020000]
 ISF        0.0138      0.0116      0.0118      0.0117   4 [-0.030000, -0.020000]
-------------------------------------------------------------------------
>> STATS for tests_out/u42_test.bin
 #polynomials = 100    deg = 5     X = [-0.030000 , -0.020000]
>> [EVAL_TIME]
Form         max          min         mean       median  deg         X
-------------------------------------------------------------------------
 HF         0.0047      0.0034      0.0037      0.0035   5 [-0.030000, -0.020000]
 HFBZ       0.0052      0.0038      0.0041      0.0039   5 [-0.030000, -0.020000]
 MVF        0.0093      0.0075      0.0078      0.0076   5 [-0.030000, -0.020000]
 SF         0.0122      0.0100      0.0105      0.0102   5 [-0.030000, -0.020000]
 MVFBC      0.0119      0.0106      0.0110      0.0109   5 [-0.030000, -0.020000]
 TF         0.0153      0.0140      0.0143      0.0143   5 [-0.030000, -0.020000]
 TFBM       0.0184      0.0168      0.0171      0.0170   5 [-0.030000, -0.020000]
 BF         0.0299      0.0254      0.0262      0.0257   5 [-0.030000, -0.020000]
 BFBZ       0.0409      0.0261      0.0270      0.0266   5 [-0.030000, -0.020000]
 IF         0.0168      0.0147      0.0152      0.0150   5 [-0.030000, -0.020000]
 IF2        0.0194      0.0172      0.0177      0.0176   5 [-0.030000, -0.020000]
 ISF        0.0169      0.0132      0.0145      0.0135   5 [-0.030000, -0.020000]
-------------------------------------------------------------------------
>> STATS for tests_out/u43_test.bin
 #polynomials = 100    deg = 6     X = [-0.030000 , -0.020000]
>> [EVAL_TIME]
Form         max          min         mean       median  deg         X
-------------------------------------------------------------------------
 HF         0.0066      0.0046      0.0050      0.0047   6 [-0.030000, -0.020000]
 HFBZ       0.0070      0.0051      0.0055      0.0054   6 [-0.030000, -0.020000]
 MVF        0.0120      0.0056      0.0101      0.0104   6 [-0.030000, -0.020000]
 SF         0.0147      0.0115      0.0122      0.0120   6 [-0.030000, -0.020000]
 MVFBC      0.0159      0.0122      0.0127      0.0126   6 [-0.030000, -0.020000]
 TF         0.0195      0.0179      0.0182      0.0181   6 [-0.030000, -0.020000]
 TFBM       0.0246      0.0211      0.0216      0.0213   6 [-0.030000, -0.020000]
 BF         0.0359      0.0327      0.0333      0.0331   6 [-0.030000, -0.020000]
 BFBZ       0.0366      0.0332      0.0337      0.0336   6 [-0.030000, -0.020000]
 IF         0.0193      0.0166      0.0172      0.0170   6 [-0.030000, -0.020000]
 IF2        0.0224      0.0190      0.0196      0.0194   6 [-0.030000, -0.020000]
 ISF        0.0159      0.0147      0.0149      0.0148   6 [-0.030000, -0.020000]
-------------------------------------------------------------------------
>> STATS for tests_out/u44_test.bin
 #polynomials = 100    deg = 7     X = [-0.030000 , -0.020000]
>> [EVAL_TIME]
Form         max          min         mean       median  deg         X
-------------------------------------------------------------------------
 HF         0.0065      0.0043      0.0050      0.0050   7 [-0.030000, -0.020000]
 HFBZ       0.0069      0.0055      0.0059      0.0057   7 [-0.030000, -0.020000]
 MVF        0.0127      0.0063      0.0109      0.0117   7 [-0.030000, -0.020000]
 SF         0.0154      0.0131      0.0136      0.0133   7 [-0.030000, -0.020000]
 MVFBC      0.0218      0.0139      0.0144      0.0142   7 [-0.030000, -0.020000]
 TF         0.0246      0.0222      0.0227      0.0226   7 [-0.030000, -0.020000]
 TFBM       0.0344      0.0261      0.0266      0.0264   7 [-0.030000, -0.020000]
 BF         0.0491      0.0408      0.0446      0.0419   7 [-0.030000, -0.020000]
 BFBZ       0.0495      0.0409      0.0439      0.0417   7 [-0.030000, -0.020000]
 IF         0.0240      0.0122      0.0204      0.0225   7 [-0.030000, -0.020000]
 IF2        0.0248      0.0139      0.0213      0.0216   7 [-0.030000, -0.020000]
 ISF        0.0172      0.0106      0.0157      0.0163   7 [-0.030000, -0.020000]
-------------------------------------------------------------------------
>> STATS for tests_out/u45_test.bin
 #polynomials = 100    deg = 11    X = [-0.030000 , -0.020000]
>> [EVAL_TIME]
Form         max          min         mean       median  deg         X
-------------------------------------------------------------------------
 HF         0.0091      0.0063      0.0073      0.0075  11 [-0.030000, -0.020000]
 HFBZ       0.0104      0.0079      0.0085      0.0084  11 [-0.030000, -0.020000]
 MVF        0.0189      0.0147      0.0164      0.0161  11 [-0.030000, -0.020000]
 SF         0.0272      0.0226      0.0243      0.0241  11 [-0.030000, -0.020000]
 MVFBC      0.0261      0.0207      0.0226      0.0216  11 [-0.030000, -0.020000]
 TF         0.0552      0.0292      0.0433      0.0450  11 [-0.030000, -0.020000]
 TFBM       0.0662      0.0467      0.0544      0.0518  11 [-0.030000, -0.020000]
 BF         0.0981      0.0634      0.0838      0.0822  11 [-0.030000, -0.020000]
 BFBZ       0.1005      0.0525      0.0812      0.0821  11 [-0.030000, -0.020000]
 IF         0.0295      0.0193      0.0272      0.0276  11 [-0.030000, -0.020000]
 IF2        0.0392      0.0195      0.0287      0.0299  11 [-0.030000, -0.020000]
 ISF        0.0257      0.0145      0.0212      0.0225  11 [-0.030000, -0.020000]
-------------------------------------------------------------------------
>> STATS for tests_out/u46_test.bin
 #polynomials = 100    deg = 16    X = [-0.030000 , -0.020000]
>> [EVAL_TIME]
Form         max          min         mean       median  deg         X
-------------------------------------------------------------------------
 HF         0.0107      0.0056      0.0084      0.0087  16 [-0.030000, -0.020000]
 HFBZ       0.0111      0.0060      0.0093      0.0093  16 [-0.030000, -0.020000]
 MVF        0.0265      0.0202      0.0214      0.0206  16 [-0.030000, -0.020000]
 SF         0.0667      0.0269      0.0285      0.0275  16 [-0.030000, -0.020000]
 MVFBC      0.0668      0.0285      0.0329      0.0341  16 [-0.030000, -0.020000]
 TF         0.1092      0.0549      0.0867      0.0847  16 [-0.030000, -0.020000]
 TFBM       0.0961      0.0928      0.0939      0.0939  16 [-0.030000, -0.020000]
 BF         0.1544      0.1201      0.1510      0.1521  16 [-0.030000, -0.020000]
 BFBZ       0.1805      0.1129      0.1562      0.1536  16 [-0.030000, -0.020000]
 IF         0.0459      0.0244      0.0363      0.0382  16 [-0.030000, -0.020000]
 IF2        0.0589      0.0262      0.0472      0.0486  16 [-0.030000, -0.020000]
 ISF        0.0369      0.0196      0.0349      0.0359  16 [-0.030000, -0.020000]
-------------------------------------------------------------------------
>> STATS for tests_out/u47_test.bin
 #polynomials = 100    deg = 21    X = [-0.030000 , -0.020000]
>> [EVAL_TIME]
Form         max          min         mean       median  deg         X
-------------------------------------------------------------------------
 HF         0.0130      0.0110      0.0115      0.0114  21 [-0.030000, -0.020000]
 HFBZ       0.0342      0.0110      0.0121      0.0117  21 [-0.030000, -0.020000]
 MVF        0.0565      0.0262      0.0276      0.0266  21 [-0.030000, -0.020000]
 SF         0.0408      0.0349      0.0361      0.0357  21 [-0.030000, -0.020000]
 MVFBC      0.0395      0.0366      0.0377      0.0376  21 [-0.030000, -0.020000]
 TF         0.1774      0.0864      0.1341      0.1349  21 [-0.030000, -0.020000]
 TFBM       0.1687      0.1439      0.1462      0.1453  21 [-0.030000, -0.020000]
 BF         0.2929      0.1845      0.2398      0.2417  21 [-0.030000, -0.020000]
 BFBZ       0.2487      0.2037      0.2399      0.2419  21 [-0.030000, -0.020000]
 IF         0.0668      0.0312      0.0481      0.0480  21 [-0.030000, -0.020000]
 IF2        0.0724      0.0500      0.0513      0.0508  21 [-0.030000, -0.020000]
 ISF        0.0452      0.0378      0.0386      0.0382  21 [-0.030000, -0.020000]
-------------------------------------------------------------------------
>> STATS for tests_out/u48_test.bin
 #polynomials = 100    deg = 26    X = [-0.030000 , -0.020000]
>> [EVAL_TIME]
Form         max          min         mean       median  deg         X
-------------------------------------------------------------------------
 HF         0.0154      0.0132      0.0137      0.0136  26 [-0.030000, -0.020000]
 HFBZ       0.0174      0.0137      0.0142      0.0141  26 [-0.030000, -0.020000]
 MVF        0.0348      0.0320      0.0327      0.0324  26 [-0.030000, -0.020000]
 SF         0.0470      0.0424      0.0436      0.0434  26 [-0.030000, -0.020000]
 MVFBC      0.0569      0.0453      0.0477      0.0463  26 [-0.030000, -0.020000]
 TF         0.2401      0.1554      0.2057      0.1986  26 [-0.030000, -0.020000]
 TFBM       0.2212      0.2084      0.2115      0.2111  26 [-0.030000, -0.020000]
 BF         0.3634      0.3302      0.3546      0.3538  26 [-0.030000, -0.020000]
 BFBZ       0.4464      0.3487      0.3600      0.3578  26 [-0.030000, -0.020000]
 IF         0.0751      0.0576      0.0614      0.0589  26 [-0.030000, -0.020000]
 IF2        0.0632      0.0600      0.0612      0.0612  26 [-0.030000, -0.020000]
 ISF        0.0585      0.0297      0.0477      0.0462  26 [-0.030000, -0.020000]
-------------------------------------------------------------------------
>> STATS for tests_out/u49_test.bin
 #polynomials = 100    deg = 31    X = [-0.030000 , -0.020000]
>> [EVAL_TIME]
Form         max          min         mean       median  deg         X
-------------------------------------------------------------------------
 HF         0.0189      0.0158      0.0162      0.0161  31 [-0.030000, -0.020000]
 HFBZ       0.0183      0.0162      0.0167      0.0166  31 [-0.030000, -0.020000]
 MVF        0.0493      0.0380      0.0391      0.0389  31 [-0.030000, -0.020000]
 SF         0.0556      0.0506      0.0518      0.0516  31 [-0.030000, -0.020000]
 MVFBC      0.0682      0.0533      0.0589      0.0559  31 [-0.030000, -0.020000]
 TF         0.2799      0.2070      0.2660      0.2733  31 [-0.030000, -0.020000]
 TFBM       0.2930      0.2046      0.2762      0.2865  31 [-0.030000, -0.020000]
 BF         0.4905      0.4003      0.4781      0.4808  31 [-0.030000, -0.020000]
 BFBZ       0.4893      0.4676      0.4844      0.4861  31 [-0.030000, -0.020000]
 IF         0.0869      0.0686      0.0708      0.0696  31 [-0.030000, -0.020000]
 IF2        0.0757      0.0714      0.0726      0.0725  31 [-0.030000, -0.020000]
 ISF        0.0559      0.0462      0.0538      0.0538  31 [-0.030000, -0.020000]
-------------------------------------------------------------------------
>> STATS for tests_out/u51_test.bin
 #polynomials = 100    deg = 4     X = [0.020000 , 0.030000]
>> [EVAL_TIME]
Form         max          min         mean       median  deg         X
-------------------------------------------------------------------------
 HF         0.0035      0.0028      0.0029      0.0029   4 [0.020000, 0.030000]
 HFBZ       0.0043      0.0021      0.0032      0.0032   4 [0.020000, 0.030000]
 MVF        0.0089      0.0062      0.0072      0.0074   4 [0.020000, 0.030000]
 SF         0.0111      0.0079      0.0095      0.0096   4 [0.020000, 0.030000]
 MVFBC      0.0110      0.0088      0.0091      0.0090   4 [0.020000, 0.030000]
 TF         0.0129      0.0106      0.0108      0.0108   4 [0.020000, 0.030000]
 TFBM       0.0164      0.0130      0.0153      0.0153   4 [0.020000, 0.030000]
 BF         0.0243      0.0125      0.0204      0.0196   4 [0.020000, 0.030000]
 BFBZ       0.0243      0.0197      0.0201      0.0200   4 [0.020000, 0.030000]
 IF         0.0138      0.0124      0.0128      0.0127   4 [0.020000, 0.030000]
 IF2        0.0172      0.0149      0.0152      0.0152   4 [0.020000, 0.030000]
 ISF        0.0150      0.0138      0.0140      0.0140   4 [0.020000, 0.030000]
-------------------------------------------------------------------------
>> STATS for tests_out/u52_test.bin
 #polynomials = 100    deg = 5     X = [0.020000 , 0.030000]
>> [EVAL_TIME]
Form         max          min         mean       median  deg         X
-------------------------------------------------------------------------
 HF         0.0039      0.0033      0.0035      0.0034   5 [0.020000, 0.030000]
 HFBZ       0.0098      0.0037      0.0039      0.0038   5 [0.020000, 0.030000]
 MVF        0.0088      0.0074      0.0077      0.0076   5 [0.020000, 0.030000]
 SF         0.0108      0.0098      0.0101      0.0101   5 [0.020000, 0.030000]
 MVFBC      0.0121      0.0104      0.0109      0.0108   5 [0.020000, 0.030000]
 TF         0.0158      0.0142      0.0145      0.0145   5 [0.020000, 0.030000]
 TFBM       0.0193      0.0170      0.0172      0.0171   5 [0.020000, 0.030000]
 BF         0.0312      0.0168      0.0287      0.0309   5 [0.020000, 0.030000]
 BFBZ       0.0381      0.0264      0.0270      0.0269   5 [0.020000, 0.030000]
 IF         0.0161      0.0147      0.0150      0.0149   5 [0.020000, 0.030000]
 IF2        0.0185      0.0172      0.0175      0.0175   5 [0.020000, 0.030000]
 ISF        0.0140      0.0130      0.0133      0.0133   5 [0.020000, 0.030000]
-------------------------------------------------------------------------
>> STATS for tests_out/u53_test.bin
 #polynomials = 100    deg = 6     X = [0.020000 , 0.030000]
>> [EVAL_TIME]
Form         max          min         mean       median  deg         X
-------------------------------------------------------------------------
 HF         0.0044      0.0038      0.0040      0.0039   6 [0.020000, 0.030000]
 HFBZ       0.0056      0.0028      0.0043      0.0043   6 [0.020000, 0.030000]
 MVF        0.0107      0.0085      0.0102      0.0101   6 [0.020000, 0.030000]
 SF         0.0124      0.0072      0.0113      0.0113   6 [0.020000, 0.030000]
 MVFBC      0.0136      0.0121      0.0124      0.0123   6 [0.020000, 0.030000]
 TF         0.0216      0.0181      0.0185      0.0183   6 [0.020000, 0.030000]
 TFBM       0.0229      0.0212      0.0216      0.0215   6 [0.020000, 0.030000]
 BF         0.0422      0.0215      0.0352      0.0334   6 [0.020000, 0.030000]
 BFBZ       0.0361      0.0333      0.0341      0.0340   6 [0.020000, 0.030000]
 IF         0.0192      0.0166      0.0171      0.0170   6 [0.020000, 0.030000]
 IF2        0.0241      0.0193      0.0208      0.0199   6 [0.020000, 0.030000]
 ISF        0.0192      0.0149      0.0176      0.0177   6 [0.020000, 0.030000]
-------------------------------------------------------------------------
>> STATS for tests_out/u54_test.bin
 #polynomials = 100    deg = 7     X = [0.020000 , 0.030000]
>> [EVAL_TIME]
Form         max          min         mean       median  deg         X
-------------------------------------------------------------------------
 HF         0.0058      0.0027      0.0044      0.0045   7 [0.020000, 0.030000]
 HFBZ       0.0058      0.0046      0.0048      0.0048   7 [0.020000, 0.030000]
 MVF        0.0114      0.0097      0.0101      0.0100   7 [0.020000, 0.030000]
 SF         0.0141      0.0126      0.0131      0.0130   7 [0.020000, 0.030000]
 MVFBC      0.0385      0.0138      0.0153      0.0142   7 [0.020000, 0.030000]
 TF         0.0251      0.0227      0.0231      0.0230   7 [0.020000, 0.030000]
 TFBM       0.0285      0.0265      0.0270      0.0269   7 [0.020000, 0.030000]
 BF         0.0437      0.0412      0.0418      0.0417   7 [0.020000, 0.030000]
 BFBZ       0.0442      0.0412      0.0422      0.0421   7 [0.020000, 0.030000]
 IF         0.0217      0.0187      0.0193      0.0192   7 [0.020000, 0.030000]
 IF2        0.0270      0.0214      0.0249      0.0253   7 [0.020000, 0.030000]
 ISF        0.0196      0.0163      0.0179      0.0175   7 [0.020000, 0.030000]
-------------------------------------------------------------------------
>> STATS for tests_out/u55_test.bin
 #polynomials = 100    deg = 11    X = [0.020000 , 0.030000]
>> [EVAL_TIME]
Form         max          min         mean       median  deg         X
-------------------------------------------------------------------------
 HF         0.0079      0.0040      0.0062      0.0062  11 [0.020000, 0.030000]
 HFBZ       0.0082      0.0065      0.0070      0.0067  11 [0.020000, 0.030000]
 MVF        0.0176      0.0166      0.0171      0.0170  11 [0.020000, 0.030000]
 SF         0.0238      0.0122      0.0202      0.0195  11 [0.020000, 0.030000]
 MVFBC      0.0238      0.0202      0.0209      0.0207  11 [0.020000, 0.030000]
 TF         0.0563      0.0453      0.0506      0.0539  11 [0.020000, 0.030000]
 TFBM       0.0533      0.0500      0.0508      0.0506  11 [0.020000, 0.030000]
 BF         0.0980      0.0610      0.0844      0.0816  11 [0.020000, 0.030000]
 BFBZ       0.0864      0.0813      0.0830      0.0830  11 [0.020000, 0.030000]
 IF         0.0282      0.0268      0.0275      0.0275  11 [0.020000, 0.030000]
 IF2        0.0310      0.0292      0.0296      0.0296  11 [0.020000, 0.030000]
 ISF        0.0230      0.0146      0.0204      0.0224  11 [0.020000, 0.030000]
-------------------------------------------------------------------------
>> STATS for tests_out/u56_test.bin
 #polynomials = 100    deg = 16    X = [0.020000 , 0.030000]
>> [EVAL_TIME]
Form         max          min         mean       median  deg         X
-------------------------------------------------------------------------
 HF         0.0099      0.0083      0.0087      0.0087  16 [0.020000, 0.030000]
 HFBZ       0.0104      0.0089      0.0093      0.0092  16 [0.020000, 0.030000]
 MVF        0.0223      0.0200      0.0209      0.0208  16 [0.020000, 0.030000]
 SF         0.0290      0.0175      0.0268      0.0271  16 [0.020000, 0.030000]
 MVFBC      0.0353      0.0286      0.0312      0.0295  16 [0.020000, 0.030000]
 TF         0.0877      0.0665      0.0852      0.0854  16 [0.020000, 0.030000]
 TFBM       0.0967      0.0913      0.0929      0.0927  16 [0.020000, 0.030000]
 BF         0.1569      0.1082      0.1498      0.1529  16 [0.020000, 0.030000]
 BFBZ       0.1554      0.1508      0.1537      0.1538  16 [0.020000, 0.030000]
 IF         0.0463      0.0375      0.0437      0.0441  16 [0.020000, 0.030000]
 IF2        0.0486      0.0257      0.0423      0.0470  16 [0.020000, 0.030000]
 ISF        0.0372      0.0195      0.0322      0.0311  16 [0.020000, 0.030000]
-------------------------------------------------------------------------
>> STATS for tests_out/u57_test.bin
 #polynomials = 100    deg = 21    X = [0.020000 , 0.030000]
>> [EVAL_TIME]
Form         max          min         mean       median  deg         X
-------------------------------------------------------------------------
 HF         0.0121      0.0108      0.0111      0.0111  21 [0.020000, 0.030000]
 HFBZ       0.0133      0.0114      0.0117      0.0116  21 [0.020000, 0.030000]
 MVF        0.0286      0.0260      0.0268      0.0267  21 [0.020000, 0.030000]
 SF         0.0380      0.0342      0.0353      0.0352  21 [0.020000, 0.030000]
 MVFBC      0.0443      0.0367      0.0377      0.0376  21 [0.020000, 0.030000]
 TF         0.1615      0.1097      0.1395      0.1377  21 [0.020000, 0.030000]
 TFBM       0.1521      0.1450      0.1475      0.1473  21 [0.020000, 0.030000]
 BF         0.3509      0.1856      0.2526      0.2443  21 [0.020000, 0.030000]
 BFBZ       0.2947      0.1902      0.2382      0.2423  21 [0.020000, 0.030000]
 IF         0.0491      0.0312      0.0468      0.0478  21 [0.020000, 0.030000]
 IF2        0.0609      0.0328      0.0489      0.0505  21 [0.020000, 0.030000]
 ISF        0.0402      0.0261      0.0361      0.0378  21 [0.020000, 0.030000]
-------------------------------------------------------------------------
>> STATS for tests_out/u58_test.bin
 #polynomials = 100    deg = 26    X = [0.020000 , 0.030000]
>> [EVAL_TIME]
Form         max          min         mean       median  deg         X
-------------------------------------------------------------------------
 HF         0.0170      0.0086      0.0121      0.0124  26 [0.020000, 0.030000]
 HFBZ       0.0151      0.0089      0.0133      0.0138  26 [0.020000, 0.030000]
 MVF        0.0429      0.0321      0.0328      0.0326  26 [0.020000, 0.030000]
 SF         0.0445      0.0272      0.0412      0.0425  26 [0.020000, 0.030000]
 MVFBC      0.0471      0.0291      0.0435      0.0452  26 [0.020000, 0.030000]
 TF         0.2380      0.1553      0.2010      0.1974  26 [0.020000, 0.030000]
 TFBM       0.2202      0.1594      0.1999      0.2094  26 [0.020000, 0.030000]
 BF         0.4129      0.2809      0.3572      0.3521  26 [0.020000, 0.030000]
 BFBZ       0.4130      0.2226      0.3137      0.3494  26 [0.020000, 0.030000]
 IF         0.0700      0.0375      0.0666      0.0684  26 [0.020000, 0.030000]
 IF2        0.0728      0.0706      0.0717      0.0717  26 [0.020000, 0.030000]
 ISF        0.0549      0.0536      0.0542      0.0540  26 [0.020000, 0.030000]
-------------------------------------------------------------------------
>> STATS for tests_out/u59_test.bin
 #polynomials = 100    deg = 31    X = [0.020000 , 0.030000]
>> [EVAL_TIME]
Form         max          min         mean       median  deg         X
-------------------------------------------------------------------------
 HF         0.0194      0.0179      0.0186      0.0186  31 [0.020000, 0.030000]
 HFBZ       0.0202      0.0158      0.0175      0.0166  31 [0.020000, 0.030000]
 MVF        0.0387      0.0372      0.0377      0.0377  31 [0.020000, 0.030000]
 SF         0.0596      0.0317      0.0496      0.0495  31 [0.020000, 0.030000]
 MVFBC      0.0622      0.0340      0.0477      0.0531  31 [0.020000, 0.030000]
 TF         0.3265      0.1730      0.2190      0.1758  31 [0.020000, 0.030000]
 TFBM       0.2908      0.1836      0.2754      0.2858  31 [0.020000, 0.030000]
 BF         0.4845      0.3063      0.4146      0.4743  31 [0.020000, 0.030000]
 BFBZ       0.4841      0.3070      0.4054      0.4434  31 [0.020000, 0.030000]
 IF         0.0699      0.0443      0.0544      0.0449  31 [0.020000, 0.030000]
 IF2        0.0720      0.0450      0.0578      0.0517  31 [0.020000, 0.030000]
 ISF        0.0546      0.0341      0.0401      0.0344  31 [0.020000, 0.030000]
-------------------------------------------------------------------------
