>> STATS for tests_out/t11_test.bin
 #polynomials = 100    deg = 4     X = [-0.300000 , 0.200000]
>> [DISTANCE]
Form         max          min         mean       median  deg         X
-------------------------------------------------------------------------
 HF         85.426       3.162      27.500      23.405   4 [-0.300000, 0.200000]
 HFBZ       64.681       0.349      13.573      10.818   4 [-0.300000, 0.200000]
 MVF        94.352       8.363      45.524      42.369   4 [-0.300000, 0.200000]
 SF         75.350       1.836      25.261      21.818   4 [-0.300000, 0.200000]
 MVFBC      93.419       0.000      17.071       0.000   4 [-0.300000, 0.200000]
 TF         85.290       2.604      27.719      22.691   4 [-0.300000, 0.200000]
 TFBM       54.418       0.510      13.454      10.974   4 [-0.300000, 0.200000]
 BF         64.569       0.000       4.048       0.000   4 [-0.300000, 0.200000]
 BFBZ        9.098       0.000       0.818       0.000   4 [-0.300000, 0.200000]
 IF         93.221       2.787      26.503      19.640   4 [-0.300000, 0.200000]
 IF2        92.828       2.787      25.063      18.811   4 [-0.300000, 0.200000]
 ISF        68.355       0.025       8.746       3.433   4 [-0.300000, 0.200000]
-------------------------------------------------------------------------
>> STATS for tests_out/t12_test.bin
 #polynomials = 100    deg = 5     X = [-0.300000 , 0.200000]
>> [DISTANCE]
Form         max          min         mean       median  deg         X
-------------------------------------------------------------------------
 HF         61.892       2.006      25.423      23.980   5 [-0.300000, 0.200000]
 HFBZ       39.998       0.000      12.942      11.593   5 [-0.300000, 0.200000]
 MVF        81.462       7.531      44.096      43.498   5 [-0.300000, 0.200000]
 SF         59.135       0.789      23.608      22.534   5 [-0.300000, 0.200000]
 MVFBC      77.158       0.000      14.407       0.000   5 [-0.300000, 0.200000]
 TF         63.150       1.843      26.196      24.276   5 [-0.300000, 0.200000]
 TFBM       35.693       0.000      13.328      12.128   5 [-0.300000, 0.200000]
 BF         18.096       0.000       1.751       0.000   5 [-0.300000, 0.200000]
 BFBZ        6.048       0.000       0.483       0.000   5 [-0.300000, 0.200000]
 IF         70.593       1.772      26.912      23.080   5 [-0.300000, 0.200000]
 IF2        69.155       1.772      26.136      22.587   5 [-0.300000, 0.200000]
 ISF        35.824       0.025       8.075       3.939   5 [-0.300000, 0.200000]
-------------------------------------------------------------------------
>> STATS for tests_out/t13_test.bin
 #polynomials = 100    deg = 6     X = [-0.300000 , 0.200000]
>> [DISTANCE]
Form         max          min         mean       median  deg         X
-------------------------------------------------------------------------
 HF         61.919       2.129      29.177      27.101   6 [-0.300000, 0.200000]
 HFBZ       42.153       0.057      14.583      12.747   6 [-0.300000, 0.200000]
 MVF        82.978      16.724      48.446      47.085   6 [-0.300000, 0.200000]
 SF         58.473       1.204      26.348      23.592   6 [-0.300000, 0.200000]
 MVFBC      80.654       0.000      19.028       0.000   6 [-0.300000, 0.200000]
 TF         62.825       2.038      29.073      27.057   6 [-0.300000, 0.200000]
 TFBM       36.326       0.302      14.030      11.949   6 [-0.300000, 0.200000]
 BF         14.135       0.000       1.914       0.000   6 [-0.300000, 0.200000]
 BFBZ        5.181       0.000       0.536       0.000   6 [-0.300000, 0.200000]
 IF         75.580       4.598      31.656      27.735   6 [-0.300000, 0.200000]
 IF2        74.006       4.598      30.399      26.534   6 [-0.300000, 0.200000]
 ISF        41.434       0.176       8.541       4.997   6 [-0.300000, 0.200000]
-------------------------------------------------------------------------
>> STATS for tests_out/t14_test.bin
 #polynomials = 100    deg = 7     X = [-0.300000 , 0.200000]
>> [DISTANCE]
Form         max          min         mean       median  deg         X
-------------------------------------------------------------------------
 HF         69.126       4.110      25.979      22.154   7 [-0.300000, 0.200000]
 HFBZ       45.918       0.016      12.975      10.416   7 [-0.300000, 0.200000]
 MVF        85.890      11.661      44.256      40.699   7 [-0.300000, 0.200000]
 SF         61.433       1.033      23.704      20.336   7 [-0.300000, 0.200000]
 MVFBC      83.755       0.000      13.932       0.000   7 [-0.300000, 0.200000]
 TF         73.179       2.702      26.632      23.141   7 [-0.300000, 0.200000]
 TFBM       48.743       0.000      13.095      11.049   7 [-0.300000, 0.200000]
 BF         14.951       0.000       1.510       0.000   7 [-0.300000, 0.200000]
 BFBZ        7.083       0.000       0.385       0.000   7 [-0.300000, 0.200000]
 IF         87.007       5.547      27.749      22.795   7 [-0.300000, 0.200000]
 IF2        86.961       5.547      26.809      22.501   7 [-0.300000, 0.200000]
 ISF        68.600       0.136       8.487       3.244   7 [-0.300000, 0.200000]
-------------------------------------------------------------------------
>> STATS for tests_out/t15_test.bin
 #polynomials = 100    deg = 11    X = [-0.300000 , 0.200000]
>> [DISTANCE]
Form         max          min         mean       median  deg         X
-------------------------------------------------------------------------
 HF         63.593       2.131      27.041      22.656  11 [-0.300000, 0.200000]
 HFBZ       38.947       0.267      13.069      10.760  11 [-0.300000, 0.200000]
 MVF        81.491       7.945      46.183      44.940  11 [-0.300000, 0.200000]
 SF         56.871       0.981      24.984      22.226  11 [-0.300000, 0.200000]
 MVFBC      80.571       0.000      18.071       0.000  11 [-0.300000, 0.200000]
 TF         61.118       2.248      27.434      24.755  11 [-0.300000, 0.200000]
 TFBM       36.145       0.656      12.522      10.922  11 [-0.300000, 0.200000]
 BF          9.096       0.000       1.017       0.000  11 [-0.300000, 0.200000]
 BFBZ        2.200       0.000       0.231       0.000  11 [-0.300000, 0.200000]
 IF         73.416       6.491      30.086      25.578  11 [-0.300000, 0.200000]
 IF2        73.416       6.491      28.654      24.659  11 [-0.300000, 0.200000]
 ISF        43.258       0.156       8.036       3.210  11 [-0.300000, 0.200000]
-------------------------------------------------------------------------
>> STATS for tests_out/t16_test.bin
 #polynomials = 100    deg = 16    X = [-0.300000 , 0.200000]
>> [DISTANCE]
Form         max          min         mean       median  deg         X
-------------------------------------------------------------------------
 HF         60.240       1.599      27.883      25.234  16 [-0.300000, 0.200000]
 HFBZ       41.423       0.324      14.399      10.913  16 [-0.300000, 0.200000]
 MVF        81.040       6.193      46.104      43.615  16 [-0.300000, 0.200000]
 SF         56.519       1.009      25.288      22.700  16 [-0.300000, 0.200000]
 MVFBC      75.833       0.000      18.427       0.000  16 [-0.300000, 0.200000]
 TF         60.625       1.346      28.035      25.566  16 [-0.300000, 0.200000]
 TFBM       39.063       0.317      13.837      13.145  16 [-0.300000, 0.200000]
 BF          5.247       0.000       0.658       0.000  16 [-0.300000, 0.200000]
 BFBZ        1.756       0.000       0.172       0.000  16 [-0.300000, 0.200000]
 IF         70.230       7.312      30.070      24.497  16 [-0.300000, 0.200000]
 IF2        70.230       7.312      28.823      24.497  16 [-0.300000, 0.200000]
 ISF        48.371       0.112       8.333       4.452  16 [-0.300000, 0.200000]
-------------------------------------------------------------------------
>> STATS for tests_out/t17_test.bin
 #polynomials = 100    deg = 21    X = [-0.300000 , 0.200000]
>> [DISTANCE]
Form         max          min         mean       median  deg         X
-------------------------------------------------------------------------
 HF         85.726       1.698      28.831      25.340  21 [-0.300000, 0.200000]
 HFBZ       65.833       0.082      15.561      11.637  21 [-0.300000, 0.200000]
 MVF        94.973       5.624      47.666      44.655  21 [-0.300000, 0.200000]
 SF         70.040       1.928      26.426      23.609  21 [-0.300000, 0.200000]
 MVFBC      94.578       0.000      16.421       0.000  21 [-0.300000, 0.200000]
 TF         87.282       1.967      29.350      26.426  21 [-0.300000, 0.200000]
 TFBM       66.278       0.160      15.048      12.944  21 [-0.300000, 0.200000]
 BF          8.876       0.000       0.495       0.000  21 [-0.300000, 0.200000]
 BFBZ        3.450       0.000       0.165       0.000  21 [-0.300000, 0.200000]
 IF         95.619       3.648      31.060      26.883  21 [-0.300000, 0.200000]
 IF2        95.293       3.648      30.302      26.648  21 [-0.300000, 0.200000]
 ISF        81.983       0.145      10.166       4.531  21 [-0.300000, 0.200000]
-------------------------------------------------------------------------
>> STATS for tests_out/t18_test.bin
 #polynomials = 100    deg = 26    X = [-0.300000 , 0.200000]
>> [DISTANCE]
Form         max          min         mean       median  deg         X
-------------------------------------------------------------------------
 HF         64.121       0.744      25.728      22.391  26 [-0.300000, 0.200000]
 HFBZ       41.718       0.026      12.327       9.764  26 [-0.300000, 0.200000]
 MVF        82.376       7.166      44.783      42.126  26 [-0.300000, 0.200000]
 SF         57.200       0.659      23.084      20.514  26 [-0.300000, 0.200000]
 MVFBC      80.815       0.000      17.226       0.000  26 [-0.300000, 0.200000]
 TF         62.983       1.212      26.122      22.507  26 [-0.300000, 0.200000]
 TFBM       41.572       0.023      12.836      10.648  26 [-0.300000, 0.200000]
 BF          3.199       0.000       0.312       0.000  26 [-0.300000, 0.200000]
 BFBZ        0.614       0.000       0.051       0.000  26 [-0.300000, 0.200000]
 IF         72.155       6.813      32.492      26.958  26 [-0.300000, 0.200000]
 IF2        72.155       6.813      31.758      26.775  26 [-0.300000, 0.200000]
 ISF        51.556       0.180      10.369       6.794  26 [-0.300000, 0.200000]
-------------------------------------------------------------------------
>> STATS for tests_out/t19_test.bin
 #polynomials = 100    deg = 31    X = [-0.300000 , 0.200000]
>> [DISTANCE]
Form         max          min         mean       median  deg         X
-------------------------------------------------------------------------
 HF         83.193       2.683      27.789      23.982  31 [-0.300000, 0.200000]
 HFBZ       57.258       0.500      15.002      11.574  31 [-0.300000, 0.200000]
 MVF        92.948       9.524      45.948      42.893  31 [-0.300000, 0.200000]
 SF         68.839       1.498      25.060      22.933  31 [-0.300000, 0.200000]
 MVFBC      90.688       0.000      16.859       0.000  31 [-0.300000, 0.200000]
 TF         79.146       1.552      27.846      24.546  31 [-0.300000, 0.200000]
 TFBM       42.880       0.290      14.315      13.035  31 [-0.300000, 0.200000]
 BF          4.682       0.000       0.242       0.000  31 [-0.300000, 0.200000]
 BFBZ        0.806       0.000       0.072       0.000  31 [-0.300000, 0.200000]
 IF         90.866       8.300      30.186      25.370  31 [-0.300000, 0.200000]
 IF2        90.866       8.300      29.609      25.219  31 [-0.300000, 0.200000]
 ISF        75.004       0.224       9.429       4.585  31 [-0.300000, 0.200000]
-------------------------------------------------------------------------
>> STATS for tests_out/t21_test.bin
 #polynomials = 100    deg = 4     X = [-0.150000 , 0.100000]
>> [DISTANCE]
Form         max          min         mean       median  deg         X
-------------------------------------------------------------------------
 HF         68.028       0.135      15.809      11.045   4 [-0.150000, 0.100000]
 HFBZ       40.821       0.015       8.817       5.814   4 [-0.150000, 0.100000]
 MVF        84.614       2.881      26.297      21.588   4 [-0.150000, 0.100000]
 SF         63.402       0.374      14.526      10.660   4 [-0.150000, 0.100000]
 MVFBC      79.778       0.000       5.931       0.000   4 [-0.150000, 0.100000]
 TF         68.113       0.408      15.352      11.357   4 [-0.150000, 0.100000]
 TFBM       43.501       0.037       7.557       5.504   4 [-0.150000, 0.100000]
 BF         27.538       0.000       1.296       0.000   4 [-0.150000, 0.100000]
 BFBZ        7.410       0.000       0.385       0.000   4 [-0.150000, 0.100000]
 IF         70.476       0.567       8.628       5.270   4 [-0.150000, 0.100000]
 IF2        68.151       0.567       8.036       5.270   4 [-0.150000, 0.100000]
 ISF        42.476       0.018       2.522       0.786   4 [-0.150000, 0.100000]
-------------------------------------------------------------------------
>> STATS for tests_out/t22_test.bin
 #polynomials = 100    deg = 5     X = [-0.150000 , 0.100000]
>> [DISTANCE]
Form         max          min         mean       median  deg         X
-------------------------------------------------------------------------
 HF         57.091       0.516      15.913      12.550   5 [-0.150000, 0.100000]
 HFBZ       37.496       0.013       8.227       6.103   5 [-0.150000, 0.100000]
 MVF        76.314       2.407      27.844      23.271   5 [-0.150000, 0.100000]
 SF         53.257       0.318      15.187      11.525   5 [-0.150000, 0.100000]
 MVFBC      74.522       0.000       5.400       0.000   5 [-0.150000, 0.100000]
 TF         55.077       0.323      16.104      12.204   5 [-0.150000, 0.100000]
 TFBM       26.440       0.000       8.226       5.807   5 [-0.150000, 0.100000]
 BF         17.138       0.000       0.773       0.000   5 [-0.150000, 0.100000]
 BFBZ        5.075       0.000       0.200       0.000   5 [-0.150000, 0.100000]
 IF         48.850       0.481       9.205       5.822   5 [-0.150000, 0.100000]
 IF2        47.688       0.481       8.595       5.822   5 [-0.150000, 0.100000]
 ISF        24.286       0.011       2.643       0.860   5 [-0.150000, 0.100000]
-------------------------------------------------------------------------
>> STATS for tests_out/t23_test.bin
 #polynomials = 100    deg = 6     X = [-0.150000 , 0.100000]
>> [DISTANCE]
Form         max          min         mean       median  deg         X
-------------------------------------------------------------------------
 HF         59.744       0.541      16.750      11.933   6 [-0.150000, 0.100000]
 HFBZ       36.563       0.024       8.826       5.977   6 [-0.150000, 0.100000]
 MVF        77.669       4.533      27.825      21.683   6 [-0.150000, 0.100000]
 SF         52.948       0.186      15.514      10.968   6 [-0.150000, 0.100000]
 MVFBC      77.000       0.000       7.063       0.000   6 [-0.150000, 0.100000]
 TF         55.094       0.267      16.448      11.495   6 [-0.150000, 0.100000]
 TFBM       32.375       0.036       7.970       5.791   6 [-0.150000, 0.100000]
 BF         15.878       0.000       0.788       0.000   6 [-0.150000, 0.100000]
 BFBZ        3.701       0.000       0.198       0.000   6 [-0.150000, 0.100000]
 IF         63.255       0.451       9.372       5.980   6 [-0.150000, 0.100000]
 IF2        62.060       0.451       8.602       5.962   6 [-0.150000, 0.100000]
 ISF        25.297       0.031       2.389       1.012   6 [-0.150000, 0.100000]
-------------------------------------------------------------------------
>> STATS for tests_out/t24_test.bin
 #polynomials = 100    deg = 7     X = [-0.150000 , 0.100000]
>> [DISTANCE]
Form         max          min         mean       median  deg         X
-------------------------------------------------------------------------
 HF         57.694       0.234      16.927      10.786   7 [-0.150000, 0.100000]
 HFBZ       37.841       0.040       8.969       5.402   7 [-0.150000, 0.100000]
 MVF        77.514       3.706      28.055      21.330   7 [-0.150000, 0.100000]
 SF         51.656       1.031      15.940      10.457   7 [-0.150000, 0.100000]
 MVFBC      76.148       0.000       7.973       0.000   7 [-0.150000, 0.100000]
 TF         53.426       1.182      16.886      11.413   7 [-0.150000, 0.100000]
 TFBM       31.165       0.066       8.230       5.621   7 [-0.150000, 0.100000]
 BF         12.699       0.000       0.904       0.000   7 [-0.150000, 0.100000]
 BFBZ        3.443       0.000       0.243       0.000   7 [-0.150000, 0.100000]
 IF         58.936       0.447       9.755       4.717   7 [-0.150000, 0.100000]
 IF2        51.829       0.447       8.942       4.717   7 [-0.150000, 0.100000]
 ISF        28.128       0.025       2.755       0.698   7 [-0.150000, 0.100000]
-------------------------------------------------------------------------
>> STATS for tests_out/t25_test.bin
 #polynomials = 100    deg = 11    X = [-0.150000 , 0.100000]
>> [DISTANCE]
Form         max          min         mean       median  deg         X
-------------------------------------------------------------------------
 HF         69.647       0.463      14.965      10.892  11 [-0.150000, 0.100000]
 HFBZ       46.060       0.053       8.361       5.044  11 [-0.150000, 0.100000]
 MVF        83.381       1.168      25.181      21.040  11 [-0.150000, 0.100000]
 SF         57.181       0.306      13.948      10.310  11 [-0.150000, 0.100000]
 MVFBC      82.715       0.000       5.090       0.000  11 [-0.150000, 0.100000]
 TF         70.950       0.423      14.908      11.055  11 [-0.150000, 0.100000]
 TFBM       40.603       0.034       7.515       5.435  11 [-0.150000, 0.100000]
 BF          9.962       0.000       0.388       0.000  11 [-0.150000, 0.100000]
 BFBZ        3.466       0.000       0.136       0.000  11 [-0.150000, 0.100000]
 IF         74.932       0.101       8.159       5.035  11 [-0.150000, 0.100000]
 IF2        70.323       0.101       7.713       5.035  11 [-0.150000, 0.100000]
 ISF        44.139       0.027       2.587       0.425  11 [-0.150000, 0.100000]
-------------------------------------------------------------------------
>> STATS for tests_out/t26_test.bin
 #polynomials = 100    deg = 16    X = [-0.150000 , 0.100000]
>> [DISTANCE]
Form         max          min         mean       median  deg         X
-------------------------------------------------------------------------
 HF         57.375       0.459      14.960      10.331  16 [-0.150000, 0.100000]
 HFBZ       35.638       0.027       7.905       4.548  16 [-0.150000, 0.100000]
 MVF        76.006       1.525      25.815      21.447  16 [-0.150000, 0.100000]
 SF         50.036       0.234      14.032      10.007  16 [-0.150000, 0.100000]
 MVFBC      75.531       0.000       4.801       0.000  16 [-0.150000, 0.100000]
 TF         50.498       0.438      14.679      10.396  16 [-0.150000, 0.100000]
 TFBM       30.805       0.063       7.003       4.667  16 [-0.150000, 0.100000]
 BF          5.859       0.000       0.224       0.000  16 [-0.150000, 0.100000]
 BFBZ        1.296       0.000       0.049       0.000  16 [-0.150000, 0.100000]
 IF         39.220       0.367       8.283       4.880  16 [-0.150000, 0.100000]
 IF2        37.391       0.367       7.781       4.880  16 [-0.150000, 0.100000]
 ISF        16.561       0.013       1.966       0.703  16 [-0.150000, 0.100000]
-------------------------------------------------------------------------
>> STATS for tests_out/t27_test.bin
 #polynomials = 100    deg = 21    X = [-0.150000 , 0.100000]
>> [DISTANCE]
Form         max          min         mean       median  deg         X
-------------------------------------------------------------------------
 HF         59.026       1.197      19.679      14.080  21 [-0.150000, 0.100000]
 HFBZ       41.507       0.021      10.118       7.053  21 [-0.150000, 0.100000]
 MVF        74.453       2.202      32.911      27.219  21 [-0.150000, 0.100000]
 SF         50.109       0.985      18.828      13.325  21 [-0.150000, 0.100000]
 MVFBC      72.231       0.000      10.190       0.000  21 [-0.150000, 0.100000]
 TF         59.712       1.108      19.819      13.996  21 [-0.150000, 0.100000]
 TFBM       37.778       0.156      10.017       6.856  21 [-0.150000, 0.100000]
 BF          3.908       0.000       0.343       0.000  21 [-0.150000, 0.100000]
 BFBZ        1.248       0.000       0.083       0.000  21 [-0.150000, 0.100000]
 IF         58.214       0.648      11.347       6.625  21 [-0.150000, 0.100000]
 IF2        57.504       0.648      10.335       6.625  21 [-0.150000, 0.100000]
 ISF        36.548       0.012       3.127       1.165  21 [-0.150000, 0.100000]
-------------------------------------------------------------------------
>> STATS for tests_out/t28_test.bin
 #polynomials = 100    deg = 26    X = [-0.150000 , 0.100000]
>> [DISTANCE]
Form         max          min         mean       median  deg         X
-------------------------------------------------------------------------
 HF         57.566       0.375      16.450      11.491  26 [-0.150000, 0.100000]
 HFBZ       39.438       0.084       8.881       5.867  26 [-0.150000, 0.100000]
 MVF        73.507       1.123      28.241      22.376  26 [-0.150000, 0.100000]
 SF         51.451       0.219      15.820      10.991  26 [-0.150000, 0.100000]
 MVFBC      66.462       0.000       5.536       0.000  26 [-0.150000, 0.100000]
 TF         54.894       0.474      16.739      11.398  26 [-0.150000, 0.100000]
 TFBM       30.726       0.127       8.818       5.609  26 [-0.150000, 0.100000]
 BF          2.472       0.000       0.119       0.000  26 [-0.150000, 0.100000]
 BFBZ        0.935       0.000       0.041       0.000  26 [-0.150000, 0.100000]
 IF         45.029       0.780       8.925       6.530  26 [-0.150000, 0.100000]
 IF2        37.619       0.780       8.470       6.530  26 [-0.150000, 0.100000]
 ISF        16.879       0.010       2.467       1.023  26 [-0.150000, 0.100000]
-------------------------------------------------------------------------
>> STATS for tests_out/t29_test.bin
 #polynomials = 100    deg = 31    X = [-0.150000 , 0.100000]
>> [DISTANCE]
Form         max          min         mean       median  deg         X
-------------------------------------------------------------------------
 HF         58.231       1.028      14.817      10.789  31 [-0.150000, 0.100000]
 HFBZ       37.963       0.128       7.729       5.506  31 [-0.150000, 0.100000]
 MVF        79.007       2.976      25.844      21.631  31 [-0.150000, 0.100000]
 SF         56.484       0.686      13.894      11.300  31 [-0.150000, 0.100000]
 MVFBC      75.382       0.000       4.239       0.000  31 [-0.150000, 0.100000]
 TF         59.729       0.716      14.830      11.740  31 [-0.150000, 0.100000]
 TFBM       33.683       0.015       7.320       5.574  31 [-0.150000, 0.100000]
 BF          2.949       0.000       0.124       0.000  31 [-0.150000, 0.100000]
 BFBZ        0.776       0.000       0.029       0.000  31 [-0.150000, 0.100000]
 IF         53.332       0.362       8.647       6.404  31 [-0.150000, 0.100000]
 IF2        45.770       0.362       8.217       6.154  31 [-0.150000, 0.100000]
 ISF        24.419       0.012       2.883       1.182  31 [-0.150000, 0.100000]
-------------------------------------------------------------------------
>> STATS for tests_out/t31_test.bin
 #polynomials = 100    deg = 4     X = [-0.100000 , 0.100000]
>> [DISTANCE]
Form         max          min         mean       median  deg         X
-------------------------------------------------------------------------
 HF         58.966       0.604      16.302      11.610   4 [-0.100000, 0.100000]
 HFBZ       29.290       0.057       8.434       5.598   4 [-0.100000, 0.100000]
 MVF        79.498       1.321      27.256      21.910   4 [-0.100000, 0.100000]
 SF         54.778       0.442      15.522      11.342   4 [-0.100000, 0.100000]
 MVFBC      78.500       0.000       5.233       0.000   4 [-0.100000, 0.100000]
 TF         58.966       0.604      16.302      11.610   4 [-0.100000, 0.100000]
 TFBM       29.290       0.057       8.434       5.598   4 [-0.100000, 0.100000]
 BF         24.565       0.000       1.189       0.000   4 [-0.100000, 0.100000]
 BFBZ        3.917       0.000       0.290       0.000   4 [-0.100000, 0.100000]
 IF         44.381       0.076       7.094       4.048   4 [-0.100000, 0.100000]
 IF2        33.442       0.076       6.594       4.048   4 [-0.100000, 0.100000]
 ISF        19.489       0.001       2.316       0.571   4 [-0.100000, 0.100000]
-------------------------------------------------------------------------
>> STATS for tests_out/t32_test.bin
 #polynomials = 100    deg = 5     X = [-0.100000 , 0.100000]
>> [DISTANCE]
Form         max          min         mean       median  deg         X
-------------------------------------------------------------------------
 HF         50.921       0.361      13.147      10.017   5 [-0.100000, 0.100000]
 HFBZ       30.276       0.000       6.680       4.953   5 [-0.100000, 0.100000]
 MVF        71.321       1.879      23.128      19.352   5 [-0.100000, 0.100000]
 SF         48.093       0.361      12.505       9.765   5 [-0.100000, 0.100000]
 MVFBC      65.682       0.000       3.548       0.000   5 [-0.100000, 0.100000]
 TF         50.921       0.361      13.147      10.017   5 [-0.100000, 0.100000]
 TFBM       30.276       0.000       6.680       4.953   5 [-0.100000, 0.100000]
 BF         10.718       0.000       0.387       0.000   5 [-0.100000, 0.100000]
 BFBZ        2.884       0.000       0.113       0.000   5 [-0.100000, 0.100000]
 IF         37.886       0.582       6.367       3.171   5 [-0.100000, 0.100000]
 IF2        36.785       0.582       6.095       3.171   5 [-0.100000, 0.100000]
 ISF        14.778       0.005       1.695       0.588   5 [-0.100000, 0.100000]
-------------------------------------------------------------------------
>> STATS for tests_out/t33_test.bin
 #polynomials = 100    deg = 6     X = [-0.100000 , 0.100000]
>> [DISTANCE]
Form         max          min         mean       median  deg         X
-------------------------------------------------------------------------
 HF         57.378       0.365      13.395       8.653   6 [-0.100000, 0.100000]
 HFBZ       26.023       0.021       7.059       4.307   6 [-0.100000, 0.100000]
 MVF        78.855       2.794      22.745      17.483   6 [-0.100000, 0.100000]
 SF         53.453       0.355      12.623       8.074   6 [-0.100000, 0.100000]
 MVFBC      78.071       0.000       2.339       0.000   6 [-0.100000, 0.100000]
 TF         57.378       0.365      13.395       8.653   6 [-0.100000, 0.100000]
 TFBM       26.023       0.021       7.059       4.307   6 [-0.100000, 0.100000]
 BF         16.427       0.000       0.340       0.000   6 [-0.100000, 0.100000]
 BFBZ        1.905       0.000       0.070       0.000   6 [-0.100000, 0.100000]
 IF         41.049       0.537       5.896       3.051   6 [-0.100000, 0.100000]
 IF2        40.433       0.537       5.674       3.051   6 [-0.100000, 0.100000]
 ISF        24.392       0.004       2.170       0.660   6 [-0.100000, 0.100000]
-------------------------------------------------------------------------
>> STATS for tests_out/t34_test.bin
 #polynomials = 100    deg = 7     X = [-0.100000 , 0.100000]
>> [DISTANCE]
Form         max          min         mean       median  deg         X
-------------------------------------------------------------------------
 HF         69.605       0.616      15.367      10.210   7 [-0.100000, 0.100000]
 HFBZ       47.969       0.093       7.955       4.911   7 [-0.100000, 0.100000]
 MVF        83.776       1.721      25.685      19.507   7 [-0.100000, 0.100000]
 SF         56.149       0.616      14.677      10.085   7 [-0.100000, 0.100000]
 MVFBC      78.096       0.000       7.288       0.000   7 [-0.100000, 0.100000]
 TF         69.605       0.616      15.367      10.210   7 [-0.100000, 0.100000]
 TFBM       47.969       0.093       7.955       4.911   7 [-0.100000, 0.100000]
 BF         12.712       0.000       0.806       0.000   7 [-0.100000, 0.100000]
 BFBZ        4.615       0.000       0.231       0.000   7 [-0.100000, 0.100000]
 IF         80.086       0.456       7.471       3.783   7 [-0.100000, 0.100000]
 IF2        80.086       0.456       6.763       3.783   7 [-0.100000, 0.100000]
 ISF        61.133       0.004       2.235       0.441   7 [-0.100000, 0.100000]
-------------------------------------------------------------------------
>> STATS for tests_out/t35_test.bin
 #polynomials = 100    deg = 11    X = [-0.100000 , 0.100000]
>> [DISTANCE]
Form         max          min         mean       median  deg         X
-------------------------------------------------------------------------
 HF         53.455       0.715      14.901      10.805  11 [-0.100000, 0.100000]
 HFBZ       32.318       0.102       7.641       5.582  11 [-0.100000, 0.100000]
 MVF        76.448       1.728      24.991      20.277  11 [-0.100000, 0.100000]
 SF         51.746       0.714      14.219      10.216  11 [-0.100000, 0.100000]
 MVFBC      75.489       0.000       5.235       0.000  11 [-0.100000, 0.100000]
 TF         53.455       0.715      14.901      10.805  11 [-0.100000, 0.100000]
 TFBM       32.318       0.102       7.641       5.582  11 [-0.100000, 0.100000]
 BF          8.546       0.000       0.408       0.000  11 [-0.100000, 0.100000]
 BFBZ        1.353       0.000       0.094       0.000  11 [-0.100000, 0.100000]
 IF         58.744       0.388       5.744       3.459  11 [-0.100000, 0.100000]
 IF2        58.744       0.388       5.322       3.359  11 [-0.100000, 0.100000]
 ISF        37.709       0.004       1.952       0.690  11 [-0.100000, 0.100000]
-------------------------------------------------------------------------
>> STATS for tests_out/t36_test.bin
 #polynomials = 100    deg = 16    X = [-0.100000 , 0.100000]
>> [DISTANCE]
Form         max          min         mean       median  deg         X
-------------------------------------------------------------------------
 HF         53.462       0.326      13.958       9.549  16 [-0.100000, 0.100000]
 HFBZ       28.529       0.001       7.113       4.742  16 [-0.100000, 0.100000]
 MVF        74.231       1.927      23.840      18.217  16 [-0.100000, 0.100000]
 SF         50.311       0.318      13.411       8.920  16 [-0.100000, 0.100000]
 MVFBC      72.672       0.000       5.949       0.000  16 [-0.100000, 0.100000]
 TF         53.462       0.326      13.958       9.549  16 [-0.100000, 0.100000]
 TFBM       28.529       0.001       7.113       4.742  16 [-0.100000, 0.100000]
 BF          5.105       0.000       0.282       0.000  16 [-0.100000, 0.100000]
 BFBZ        0.922       0.000       0.070       0.000  16 [-0.100000, 0.100000]
 IF         33.282       0.288       6.050       3.500  16 [-0.100000, 0.100000]
 IF2        23.631       0.288       5.408       3.500  16 [-0.100000, 0.100000]
 ISF        12.001       0.005       1.561       0.466  16 [-0.100000, 0.100000]
-------------------------------------------------------------------------
>> STATS for tests_out/t37_test.bin
 #polynomials = 100    deg = 21    X = [-0.100000 , 0.100000]
>> [DISTANCE]
Form         max          min         mean       median  deg         X
-------------------------------------------------------------------------
 HF         59.595       0.085      14.481      10.255  21 [-0.100000, 0.100000]
 HFBZ       34.250       0.035       7.512       5.103  21 [-0.100000, 0.100000]
 MVF        77.364       1.179      24.654      19.924  21 [-0.100000, 0.100000]
 SF         52.969       0.078      13.787       9.312  21 [-0.100000, 0.100000]
 MVFBC      71.401       0.000       4.662       0.000  21 [-0.100000, 0.100000]
 TF         59.595       0.085      14.481      10.255  21 [-0.100000, 0.100000]
 TFBM       34.250       0.035       7.512       5.103  21 [-0.100000, 0.100000]
 BF          3.829       0.000       0.177       0.000  21 [-0.100000, 0.100000]
 BFBZ        0.844       0.000       0.045       0.000  21 [-0.100000, 0.100000]
 IF         56.593       0.155       6.984       3.595  21 [-0.100000, 0.100000]
 IF2        51.683       0.155       6.604       3.595  21 [-0.100000, 0.100000]
 ISF        26.417       0.007       2.152       0.330  21 [-0.100000, 0.100000]
-------------------------------------------------------------------------
>> STATS for tests_out/t38_test.bin
 #polynomials = 100    deg = 26    X = [-0.100000 , 0.100000]
>> [DISTANCE]
Form         max          min         mean       median  deg         X
-------------------------------------------------------------------------
 HF         58.292       0.637      14.824      10.088  26 [-0.100000, 0.100000]
 HFBZ       29.610       0.007       7.479       4.975  26 [-0.100000, 0.100000]
 MVF        77.153       2.479      25.076      18.744  26 [-0.100000, 0.100000]
 SF         53.723       0.530      14.146       9.818  26 [-0.100000, 0.100000]
 MVFBC      75.850       0.000       4.799       0.000  26 [-0.100000, 0.100000]
 TF         58.292       0.637      14.824      10.088  26 [-0.100000, 0.100000]
 TFBM       29.610       0.007       7.479       4.975  26 [-0.100000, 0.100000]
 BF          3.544       0.000       0.151       0.000  26 [-0.100000, 0.100000]
 BFBZ        0.559       0.000       0.030       0.000  26 [-0.100000, 0.100000]
 IF         47.563       0.334       6.738       3.196  26 [-0.100000, 0.100000]
 IF2        37.077       0.334       6.288       3.012  26 [-0.100000, 0.100000]
 ISF        21.150       0.005       2.052       0.405  26 [-0.100000, 0.100000]
-------------------------------------------------------------------------
>> STATS for tests_out/t39_test.bin
 #polynomials = 100    deg = 31    X = [-0.100000 , 0.100000]
>> [DISTANCE]
Form         max          min         mean       median  deg         X
-------------------------------------------------------------------------
 HF         54.290       1.240      12.242       8.949  31 [-0.100000, 0.100000]
 HFBZ       30.800       0.276       6.305       4.503  31 [-0.100000, 0.100000]
 MVF        74.225       2.657      21.365      17.208  31 [-0.100000, 0.100000]
 SF         51.237       1.030      11.681       8.478  31 [-0.100000, 0.100000]
 MVFBC      71.219       0.000       2.895       0.000  31 [-0.100000, 0.100000]
 TF         54.290       1.240      12.242       8.949  31 [-0.100000, 0.100000]
 TFBM       30.800       0.276       6.305       4.503  31 [-0.100000, 0.100000]
 BF          2.235       0.000       0.068       0.000  31 [-0.100000, 0.100000]
 BFBZ        0.444       0.000       0.017       0.000  31 [-0.100000, 0.100000]
 IF         40.977       0.529       5.246       3.219  31 [-0.100000, 0.100000]
 IF2        36.249       0.529       4.899       3.219  31 [-0.100000, 0.100000]
 ISF        15.812       0.010       1.528       0.658  31 [-0.100000, 0.100000]
-------------------------------------------------------------------------
>> STATS for tests_out/t41_test.bin
 #polynomials = 100    deg = 4     X = [-0.300000 , -0.200000]
>> [DISTANCE]
Form         max          min         mean       median  deg         X
-------------------------------------------------------------------------
 HF         97.012       0.000      29.839      17.423   4 [-0.300000, -0.200000]
 HFBZ       97.012       0.000      29.839      17.423   4 [-0.300000, -0.200000]
 MVF        91.242       4.943      24.959      16.904   4 [-0.300000, -0.200000]
 SF         71.642       1.472      14.600       8.936   4 [-0.300000, -0.200000]
 MVFBC      90.678       0.000       7.517       0.000   4 [-0.300000, -0.200000]
 TF         53.306       0.143      12.716       7.507   4 [-0.300000, -0.200000]
 TFBM       26.015       0.010       6.401       3.887   4 [-0.300000, -0.200000]
 BF         18.945       0.000       1.350       0.000   4 [-0.300000, -0.200000]
 BFBZ       18.945       0.000       1.350       0.000   4 [-0.300000, -0.200000]
 IF         49.317       0.156       3.582       1.491   4 [-0.300000, -0.200000]
 IF2        45.902       0.156       3.049       1.491   4 [-0.300000, -0.200000]
 ISF        13.073       0.000       0.763       0.219   4 [-0.300000, -0.200000]
-------------------------------------------------------------------------
>> STATS for tests_out/t42_test.bin
 #polynomials = 100    deg = 5     X = [-0.300000 , -0.200000]
>> [DISTANCE]
Form         max          min         mean       median  deg         X
-------------------------------------------------------------------------
 HF         94.073       0.000      23.607      13.225   5 [-0.300000, -0.200000]
 HFBZ       94.073       0.000      23.607      13.225   5 [-0.300000, -0.200000]
 MVF        84.354       2.407      19.651      12.478   5 [-0.300000, -0.200000]
 SF         54.404       0.707      10.625       5.966   5 [-0.300000, -0.200000]
 MVFBC      83.366       0.000       2.333       0.000   5 [-0.300000, -0.200000]
 TF         49.581       0.268       9.567       5.546   5 [-0.300000, -0.200000]
 TFBM       24.530       0.001       4.927       2.733   5 [-0.300000, -0.200000]
 BF         11.653       0.000       0.330       0.000   5 [-0.300000, -0.200000]
 BFBZ       11.653       0.000       0.330       0.000   5 [-0.300000, -0.200000]
 IF         49.189       0.239       2.736       1.295   5 [-0.300000, -0.200000]
 IF2        32.006       0.239       2.486       1.295   5 [-0.300000, -0.200000]
 ISF         7.018       0.000       0.558       0.093   5 [-0.300000, -0.200000]
-------------------------------------------------------------------------
>> STATS for tests_out/t43_test.bin
 #polynomials = 100    deg = 6     X = [-0.300000 , -0.200000]
>> [DISTANCE]
Form         max          min         mean       median  deg         X
-------------------------------------------------------------------------
 HF         91.252       0.000      26.252      17.707   6 [-0.300000, -0.200000]
 HFBZ       91.252       0.000      26.252      17.707   6 [-0.300000, -0.200000]
 MVF        72.088       1.526      19.759      14.185   6 [-0.300000, -0.200000]
 SF         49.393       0.599      10.667       6.480   6 [-0.300000, -0.200000]
 MVFBC      64.784       0.000       2.674       0.000   6 [-0.300000, -0.200000]
 TF         50.850       0.339       9.180       5.247   6 [-0.300000, -0.200000]
 TFBM       28.114       0.026       4.811       2.553   6 [-0.300000, -0.200000]
 BF         10.607       0.000       0.254       0.000   6 [-0.300000, -0.200000]
 BFBZ       10.607       0.000       0.254       0.000   6 [-0.300000, -0.200000]
 IF         26.395       0.165       2.791       1.581   6 [-0.300000, -0.200000]
 IF2        24.382       0.165       2.633       1.581   6 [-0.300000, -0.200000]
 ISF        12.082       0.000       0.751       0.202   6 [-0.300000, -0.200000]
-------------------------------------------------------------------------
>> STATS for tests_out/t44_test.bin
 #polynomials = 100    deg = 7     X = [-0.300000 , -0.200000]
>> [DISTANCE]
Form         max          min         mean       median  deg         X
-------------------------------------------------------------------------
 HF         93.276       0.000      24.415      10.942   7 [-0.300000, -0.200000]
 HFBZ       93.276       0.000      24.415      10.942   7 [-0.300000, -0.200000]
 MVF        72.873       3.133      19.695      12.910   7 [-0.300000, -0.200000]
 SF         49.794       0.578      10.868       5.854   7 [-0.300000, -0.200000]
 MVFBC      72.760       0.000       3.459       0.000   7 [-0.300000, -0.200000]
 TF         53.814       0.188      10.093       5.115   7 [-0.300000, -0.200000]
 TFBM       26.181       0.009       5.320       2.445   7 [-0.300000, -0.200000]
 BF         12.868       0.000       0.353       0.000   7 [-0.300000, -0.200000]
 BFBZ       12.868       0.000       0.353       0.000   7 [-0.300000, -0.200000]
 IF         23.792       0.154       3.061       1.196   7 [-0.300000, -0.200000]
 IF2        17.666       0.154       2.855       1.196   7 [-0.300000, -0.200000]
 ISF         9.439       0.000       0.982       0.171   7 [-0.300000, -0.200000]
-------------------------------------------------------------------------
>> STATS for tests_out/t45_test.bin
 #polynomials = 100    deg = 11    X = [-0.300000 , -0.200000]
>> [DISTANCE]
Form         max          min         mean       median  deg         X
-------------------------------------------------------------------------
 HF         92.901       0.004      26.834      14.566  11 [-0.300000, -0.200000]
 HFBZ       92.901       0.004      26.834      14.566  11 [-0.300000, -0.200000]
 MVF        74.377       2.160      21.057      11.736  11 [-0.300000, -0.200000]
 SF         51.719       0.676      11.825       5.269  11 [-0.300000, -0.200000]
 MVFBC      71.666       0.000       5.662       0.000  11 [-0.300000, -0.200000]
 TF         51.089       0.191      10.357       4.534  11 [-0.300000, -0.200000]
 TFBM       26.979       0.005       5.351       2.318  11 [-0.300000, -0.200000]
 BF          7.102       0.000       0.311       0.000  11 [-0.300000, -0.200000]
 BFBZ        7.102       0.000       0.311       0.000  11 [-0.300000, -0.200000]
 IF         20.819       0.292       3.498       1.434  11 [-0.300000, -0.200000]
 IF2        18.840       0.292       3.136       1.434  11 [-0.300000, -0.200000]
 ISF         9.471       0.000       0.809       0.132  11 [-0.300000, -0.200000]
-------------------------------------------------------------------------
>> STATS for tests_out/t46_test.bin
 #polynomials = 100    deg = 16    X = [-0.300000 , -0.200000]
>> [DISTANCE]
Form         max          min         mean       median  deg         X
-------------------------------------------------------------------------
 HF         89.217       0.002      25.184      10.536  16 [-0.300000, -0.200000]
 HFBZ       89.217       0.002      25.184      10.536  16 [-0.300000, -0.200000]
 MVF        63.627       1.053      20.597      14.669  16 [-0.300000, -0.200000]
 SF         44.984       0.312      11.435       7.048  16 [-0.300000, -0.200000]
 MVFBC      52.309       0.000       2.681       0.000  16 [-0.300000, -0.200000]
 TF         46.851       0.284      10.399       6.446  16 [-0.300000, -0.200000]
 TFBM       26.401       0.139       5.610       3.158  16 [-0.300000, -0.200000]
 BF          2.624       0.000       0.084       0.000  16 [-0.300000, -0.200000]
 BFBZ        2.624       0.000       0.084       0.000  16 [-0.300000, -0.200000]
 IF         15.291       0.189       2.425       1.213  16 [-0.300000, -0.200000]
 IF2        13.537       0.189       2.307       1.213  16 [-0.300000, -0.200000]
 ISF         5.299       0.000       0.664       0.098  16 [-0.300000, -0.200000]
-------------------------------------------------------------------------
>> STATS for tests_out/t47_test.bin
 #polynomials = 100    deg = 21    X = [-0.300000 , -0.200000]
>> [DISTANCE]
Form         max          min         mean       median  deg         X
-------------------------------------------------------------------------
 HF         96.083       0.001      27.817      21.884  21 [-0.300000, -0.200000]
 HFBZ       96.083       0.001      27.817      21.884  21 [-0.300000, -0.200000]
 MVF        84.978       1.947      21.417      14.930  21 [-0.300000, -0.200000]
 SF         62.948       0.584      11.805       6.859  21 [-0.300000, -0.200000]
 MVFBC      84.802       0.000       3.946       0.000  21 [-0.300000, -0.200000]
 TF         52.903       0.075      10.456       5.766  21 [-0.300000, -0.200000]
 TFBM       29.544       0.020       5.259       2.816  21 [-0.300000, -0.200000]
 BF          3.998       0.000       0.175       0.000  21 [-0.300000, -0.200000]
 BFBZ        3.998       0.000       0.175       0.000  21 [-0.300000, -0.200000]
 IF         34.129       0.098       3.554       1.570  21 [-0.300000, -0.200000]
 IF2        26.024       0.098       3.097       1.570  21 [-0.300000, -0.200000]
 ISF        13.602       0.000       0.989       0.223  21 [-0.300000, -0.200000]
-------------------------------------------------------------------------
>> STATS for tests_out/t48_test.bin
 #polynomials = 100    deg = 26    X = [-0.300000 , -0.200000]
>> [DISTANCE]
Form         max          min         mean       median  deg         X
-------------------------------------------------------------------------
 HF         95.663       0.004      30.917      17.051  26 [-0.300000, -0.200000]
 HFBZ       95.663       0.004      30.917      17.051  26 [-0.300000, -0.200000]
 MVF        81.019       1.984      22.377      14.807  26 [-0.300000, -0.200000]
 SF         59.057       0.712      12.745       6.956  26 [-0.300000, -0.200000]
 MVFBC      80.811       0.000       6.284       0.000  26 [-0.300000, -0.200000]
 TF         53.412       0.036      11.542       5.716  26 [-0.300000, -0.200000]
 TFBM       27.416       0.010       5.350       2.774  26 [-0.300000, -0.200000]
 BF          3.580       0.000       0.226       0.000  26 [-0.300000, -0.200000]
 BFBZ        3.580       0.000       0.226       0.000  26 [-0.300000, -0.200000]
 IF         24.707       0.254       3.370       1.417  26 [-0.300000, -0.200000]
 IF2        16.736       0.254       2.835       1.417  26 [-0.300000, -0.200000]
 ISF         8.960       0.000       0.809       0.155  26 [-0.300000, -0.200000]
-------------------------------------------------------------------------
>> STATS for tests_out/t49_test.bin
 #polynomials = 100    deg = 31    X = [-0.300000 , -0.200000]
>> [DISTANCE]
Form         max          min         mean       median  deg         X
-------------------------------------------------------------------------
 HF         93.820       0.000      20.284      10.702  31 [-0.300000, -0.200000]
 HFBZ       93.820       0.000      20.284      10.702  31 [-0.300000, -0.200000]
 MVF        73.391       1.724      17.009      12.602  31 [-0.300000, -0.200000]
 SF         49.515       0.636       8.948       5.951  31 [-0.300000, -0.200000]
 MVFBC      70.985       0.000       1.838       0.000  31 [-0.300000, -0.200000]
 TF         53.412       0.251       8.209       5.064  31 [-0.300000, -0.200000]
 TFBM       24.699       0.018       4.099       2.507  31 [-0.300000, -0.200000]
 BF          2.684       0.000       0.063       0.000  31 [-0.300000, -0.200000]
 BFBZ        2.684       0.000       0.063       0.000  31 [-0.300000, -0.200000]
 IF         28.405       0.191       2.523       1.304  31 [-0.300000, -0.200000]
 IF2        19.586       0.191       2.275       1.304  31 [-0.300000, -0.200000]
 ISF         9.944       0.000       0.691       0.143  31 [-0.300000, -0.200000]
-------------------------------------------------------------------------
>> STATS for tests_out/t51_test.bin
 #polynomials = 100    deg = 4     X = [0.200000 , 0.300000]
>> [DISTANCE]
Form         max          min         mean       median  deg         X
-------------------------------------------------------------------------
 HF         92.638       0.000      30.084      20.468   4 [0.200000, 0.300000]
 HFBZ       92.638       0.000      30.084      20.468   4 [0.200000, 0.300000]
 MVF        77.035       1.611      21.374      13.765   4 [0.200000, 0.300000]
 SF         55.119       0.708      12.134       6.523   4 [0.200000, 0.300000]
 MVFBC      69.951       0.000       5.153       0.000   4 [0.200000, 0.300000]
 TF         52.497       0.440      11.588       5.988   4 [0.200000, 0.300000]
 TFBM       30.469       0.009       6.047       2.970   4 [0.200000, 0.300000]
 BF         18.929       0.000       1.218       0.000   4 [0.200000, 0.300000]
 BFBZ       18.929       0.000       1.218       0.000   4 [0.200000, 0.300000]
 IF         34.658       0.061       3.322       1.374   4 [0.200000, 0.300000]
 IF2        32.097       0.061       2.929       1.374   4 [0.200000, 0.300000]
 ISF        16.469       0.000       1.076       0.228   4 [0.200000, 0.300000]
-------------------------------------------------------------------------
>> STATS for tests_out/t52_test.bin
 #polynomials = 100    deg = 5     X = [0.200000 , 0.300000]
>> [DISTANCE]
Form         max          min         mean       median  deg         X
-------------------------------------------------------------------------
 HF         95.549       0.000      23.754      14.350   5 [0.200000, 0.300000]
 HFBZ       95.549       0.000      23.754      14.350   5 [0.200000, 0.300000]
 MVF        84.711       3.111      18.234      12.577   5 [0.200000, 0.300000]
 SF         59.477       0.902       9.761       5.901   5 [0.200000, 0.300000]
 MVFBC      83.429       0.000       2.496       0.000   5 [0.200000, 0.300000]
 TF         50.723       0.305       8.614       4.919   5 [0.200000, 0.300000]
 TFBM       24.508       0.058       4.244       2.421   5 [0.200000, 0.300000]
 BF         14.591       0.000       0.347       0.000   5 [0.200000, 0.300000]
 BFBZ       14.591       0.000       0.347       0.000   5 [0.200000, 0.300000]
 IF         33.731       0.163       2.467       1.029   5 [0.200000, 0.300000]
 IF2        18.791       0.163       2.171       1.029   5 [0.200000, 0.300000]
 ISF         5.680       0.000       0.440       0.139   5 [0.200000, 0.300000]
-------------------------------------------------------------------------
>> STATS for tests_out/t53_test.bin
 #polynomials = 100    deg = 6     X = [0.200000 , 0.300000]
>> [DISTANCE]
Form         max          min         mean       median  deg         X
-------------------------------------------------------------------------
 HF         93.269       0.000      22.416      12.965   6 [0.200000, 0.300000]
 HFBZ       93.269       0.000      22.416      12.965   6 [0.200000, 0.300000]
 MVF        73.876       1.777      19.629      14.319   6 [0.200000, 0.300000]
 SF         50.047       0.525      10.619       6.698   6 [0.200000, 0.300000]
 MVFBC      70.009       0.000       3.895       0.000   6 [0.200000, 0.300000]
 TF         55.408       0.268       9.801       5.807   6 [0.200000, 0.300000]
 TFBM       28.335       0.021       4.994       2.864   6 [0.200000, 0.300000]
 BF         12.445       0.000       0.547       0.000   6 [0.200000, 0.300000]
 BFBZ       12.445       0.000       0.547       0.000   6 [0.200000, 0.300000]
 IF         35.025       0.192       3.384       1.519   6 [0.200000, 0.300000]
 IF2        32.849       0.192       3.047       1.519   6 [0.200000, 0.300000]
 ISF        12.368       0.000       0.938       0.187   6 [0.200000, 0.300000]
-------------------------------------------------------------------------
>> STATS for tests_out/t54_test.bin
 #polynomials = 100    deg = 7     X = [0.200000 , 0.300000]
>> [DISTANCE]
Form         max          min         mean       median  deg         X
-------------------------------------------------------------------------
 HF         92.926       0.000      23.410      11.746   7 [0.200000, 0.300000]
 HFBZ       92.926       0.000      23.410      11.746   7 [0.200000, 0.300000]
 MVF        79.157       3.375      20.161      14.591   7 [0.200000, 0.300000]
 SF         62.220       1.219      11.100       7.176   7 [0.200000, 0.300000]
 MVFBC      73.319       0.000       3.015       0.000   7 [0.200000, 0.300000]
 TF         52.963       0.229       9.793       6.628   7 [0.200000, 0.300000]
 TFBM       29.296       0.010       5.176       3.352   7 [0.200000, 0.300000]
 BF         11.563       0.000       0.266       0.000   7 [0.200000, 0.300000]
 BFBZ       11.563       0.000       0.266       0.000   7 [0.200000, 0.300000]
 IF         27.066       0.252       2.993       1.436   7 [0.200000, 0.300000]
 IF2        22.536       0.252       2.828       1.436   7 [0.200000, 0.300000]
 ISF        11.664       0.000       0.844       0.144   7 [0.200000, 0.300000]
-------------------------------------------------------------------------
>> STATS for tests_out/t55_test.bin
 #polynomials = 100    deg = 11    X = [0.200000 , 0.300000]
>> [DISTANCE]
Form         max          min         mean       median  deg         X
-------------------------------------------------------------------------
 HF         92.051       0.073      26.542      11.443  11 [0.200000, 0.300000]
 HFBZ       92.051       0.073      26.542      11.443  11 [0.200000, 0.300000]
 MVF        74.308       3.328      20.938      12.891  11 [0.200000, 0.300000]
 SF         51.384       0.861      11.874       6.392  11 [0.200000, 0.300000]
 MVFBC      68.727       0.000       4.633       0.000  11 [0.200000, 0.300000]
 TF         52.867       0.114      11.272       5.495  11 [0.200000, 0.300000]
 TFBM       26.284       0.002       5.918       2.728  11 [0.200000, 0.300000]
 BF          6.248       0.000       0.341       0.000  11 [0.200000, 0.300000]
 BFBZ        6.248       0.000       0.341       0.000  11 [0.200000, 0.300000]
 IF         24.638       0.195       3.122       1.209  11 [0.200000, 0.300000]
 IF2        16.502       0.195       2.718       1.209  11 [0.200000, 0.300000]
 ISF         8.464       0.000       0.749       0.111  11 [0.200000, 0.300000]
-------------------------------------------------------------------------
>> STATS for tests_out/t56_test.bin
 #polynomials = 100    deg = 16    X = [0.200000 , 0.300000]
>> [DISTANCE]
Form         max          min         mean       median  deg         X
-------------------------------------------------------------------------
 HF         92.482       0.005      26.974      16.931  16 [0.200000, 0.300000]
 HFBZ       92.482       0.005      26.974      16.931  16 [0.200000, 0.300000]
 MVF        76.918       2.403      20.633      13.316  16 [0.200000, 0.300000]
 SF         56.124       0.865      11.468       6.622  16 [0.200000, 0.300000]
 MVFBC      69.321       0.000       3.793       0.000  16 [0.200000, 0.300000]
 TF         50.758       0.199      10.662       6.186  16 [0.200000, 0.300000]
 TFBM       26.554       0.066       5.564       3.128  16 [0.200000, 0.300000]
 BF          4.194       0.000       0.175       0.000  16 [0.200000, 0.300000]
 BFBZ        4.194       0.000       0.175       0.000  16 [0.200000, 0.300000]
 IF         28.892       0.218       3.267       1.376  16 [0.200000, 0.300000]
 IF2        17.304       0.218       2.898       1.376  16 [0.200000, 0.300000]
 ISF         6.880       0.000       0.899       0.226  16 [0.200000, 0.300000]
-------------------------------------------------------------------------
>> STATS for tests_out/t57_test.bin
 #polynomials = 100    deg = 21    X = [0.200000 , 0.300000]
>> [DISTANCE]
Form         max          min         mean       median  deg         X
-------------------------------------------------------------------------
 HF         98.319       0.000      30.074      16.512  21 [0.200000, 0.300000]
 HFBZ       98.319       0.000      30.074      16.512  21 [0.200000, 0.300000]
 MVF        94.687       1.859      23.195      14.027  21 [0.200000, 0.300000]
 SF         88.913       0.572      13.694       6.653  21 [0.200000, 0.300000]
 MVFBC      94.338       0.000       7.876       0.000  21 [0.200000, 0.300000]
 TF         75.302       0.130      12.037       6.211  21 [0.200000, 0.300000]
 TFBM       52.303       0.002       6.129       2.942  21 [0.200000, 0.300000]
 BF          5.515       0.000       0.301       0.000  21 [0.200000, 0.300000]
 BFBZ        5.515       0.000       0.301       0.000  21 [0.200000, 0.300000]
 IF         77.554       0.245       4.894       1.617  21 [0.200000, 0.300000]
 IF2        77.181       0.245       4.160       1.617  21 [0.200000, 0.300000]
 ISF        56.458       0.000       1.404       0.321  21 [0.200000, 0.300000]
-------------------------------------------------------------------------
>> STATS for tests_out/t58_test.bin
 #polynomials = 100    deg = 26    X = [0.200000 , 0.300000]
>> [DISTANCE]
Form         max          min         mean       median  deg         X
-------------------------------------------------------------------------
 HF         92.823       0.005      20.333      11.322  26 [0.200000, 0.300000]
 HFBZ       92.823       0.005      20.333      11.322  26 [0.200000, 0.300000]
 MVF        78.693       1.189      16.369      11.199  26 [0.200000, 0.300000]
 SF         51.391       0.404       8.692       4.929  26 [0.200000, 0.300000]
 MVFBC      77.107       0.000       2.552       0.000  26 [0.200000, 0.300000]
 TF         52.239       0.046       7.906       3.933  26 [0.200000, 0.300000]
 TFBM       23.785       0.004       3.761       1.961  26 [0.200000, 0.300000]
 BF          3.341       0.000       0.082       0.000  26 [0.200000, 0.300000]
 BFBZ        3.341       0.000       0.082       0.000  26 [0.200000, 0.300000]
 IF         48.229       0.191       2.707       1.237  26 [0.200000, 0.300000]
 IF2        30.454       0.191       2.350       1.237  26 [0.200000, 0.300000]
 ISF         5.977       0.000       0.520       0.145  26 [0.200000, 0.300000]
-------------------------------------------------------------------------
>> STATS for tests_out/t59_test.bin
 #polynomials = 100    deg = 31    X = [0.200000 , 0.300000]
>> [DISTANCE]
Form         max          min         mean       median  deg         X
-------------------------------------------------------------------------
 HF         92.975       0.005      20.590       7.792  31 [0.200000, 0.300000]
 HFBZ       92.975       0.005      20.590       7.792  31 [0.200000, 0.300000]
 MVF        81.909       2.514      19.753      14.124  31 [0.200000, 0.300000]
 SF         59.335       0.756      10.764       6.880  31 [0.200000, 0.300000]
 MVFBC      79.662       0.000       4.016       0.000  31 [0.200000, 0.300000]
 TF         53.216       0.110       9.279       5.752  31 [0.200000, 0.300000]
 TFBM       26.351       0.002       4.711       2.764  31 [0.200000, 0.300000]
 BF          2.558       0.000       0.087       0.000  31 [0.200000, 0.300000]
 BFBZ        2.558       0.000       0.087       0.000  31 [0.200000, 0.300000]
 IF         46.656       0.225       3.214       1.201  31 [0.200000, 0.300000]
 IF2        46.656       0.225       2.987       1.201  31 [0.200000, 0.300000]
 ISF        16.489       0.000       0.950       0.146  31 [0.200000, 0.300000]
-------------------------------------------------------------------------
