>> STATS for tests_out/t11_test.bin
 #polynomials = 100    deg = 4     X = [-0.300000 , 0.200000]
>> [EVAL_TIME]
Form         max          min         mean       median  deg         X
-------------------------------------------------------------------------
 HF         0.0258      0.0017      0.0029      0.0026   4 [-0.300000, 0.200000]
 HFBZ       0.0140      0.0014      0.0016      0.0014   4 [-0.300000, 0.200000]
 MVF        0.0191      0.0039      0.0043      0.0041   4 [-0.300000, 0.200000]
 SF         0.0251      0.0085      0.0095      0.0092   4 [-0.300000, 0.200000]
 MVFBC      0.0111      0.0055      0.0062      0.0057   4 [-0.300000, 0.200000]
 TF         0.0304      0.0068      0.0075      0.0069   4 [-0.300000, 0.200000]
 TFBM       0.0161      0.0083      0.0087      0.0084   4 [-0.300000, 0.200000]
 BF         0.0349      0.0124      0.0168      0.0183   4 [-0.300000, 0.200000]
 BFBZ       0.0394      0.0251      0.0263      0.0255   4 [-0.300000, 0.200000]
 IF         0.0312      0.0079      0.0090      0.0081   4 [-0.300000, 0.200000]
 IF2        0.0158      0.0094      0.0110      0.0098   4 [-0.300000, 0.200000]
 ISF        0.0117      0.0073      0.0076      0.0075   4 [-0.300000, 0.200000]
-------------------------------------------------------------------------
>> STATS for tests_out/t12_test.bin
 #polynomials = 100    deg = 5     X = [-0.300000 , 0.200000]
>> [EVAL_TIME]
Form         max          min         mean       median  deg         X
-------------------------------------------------------------------------
 HF         0.0037      0.0020      0.0023      0.0021   5 [-0.300000, 0.200000]
 HFBZ       0.0028      0.0014      0.0018      0.0016   5 [-0.300000, 0.200000]
 MVF        0.0087      0.0047      0.0061      0.0053   5 [-0.300000, 0.200000]
 SF         0.0199      0.0106      0.0127      0.0114   5 [-0.300000, 0.200000]
 MVFBC      0.0111      0.0067      0.0101      0.0105   5 [-0.300000, 0.200000]
 TF         0.0152      0.0089      0.0110      0.0092   5 [-0.300000, 0.200000]
 TFBM       0.0184      0.0107      0.0135      0.0110   5 [-0.300000, 0.200000]
 BF         0.0289      0.0164      0.0234      0.0256   5 [-0.300000, 0.200000]
 BFBZ       0.0513      0.0330      0.0360      0.0332   5 [-0.300000, 0.200000]
 IF         0.0146      0.0092      0.0098      0.0092   5 [-0.300000, 0.200000]
 IF2        0.0183      0.0108      0.0124      0.0111   5 [-0.300000, 0.200000]
 ISF        0.0137      0.0084      0.0103      0.0088   5 [-0.300000, 0.200000]
-------------------------------------------------------------------------
>> STATS for tests_out/t13_test.bin
 #polynomials = 100    deg = 6     X = [-0.300000 , 0.200000]
>> [EVAL_TIME]
Form         max          min         mean       median  deg         X
-------------------------------------------------------------------------
 HF         0.0038      0.0023      0.0023      0.0023   6 [-0.300000, 0.200000]
 HFBZ       0.0028      0.0015      0.0016      0.0015   6 [-0.300000, 0.200000]
 MVF        0.0090      0.0053      0.0057      0.0054   6 [-0.300000, 0.200000]
 SF         0.0213      0.0120      0.0149      0.0129   6 [-0.300000, 0.200000]
 MVFBC      0.0228      0.0119      0.0122      0.0121   6 [-0.300000, 0.200000]
 TF         0.0197      0.0118      0.0165      0.0182   6 [-0.300000, 0.200000]
 TFBM       0.0219      0.0137      0.0155      0.0138   6 [-0.300000, 0.200000]
 BF         0.0346      0.0212      0.0228      0.0213   6 [-0.300000, 0.200000]
 BFBZ       0.0668      0.0428      0.0460      0.0431   6 [-0.300000, 0.200000]
 IF         0.0207      0.0106      0.0129      0.0109   6 [-0.300000, 0.200000]
 IF2        0.0141      0.0123      0.0127      0.0126   6 [-0.300000, 0.200000]
 ISF        0.0157      0.0096      0.0113      0.0099   6 [-0.300000, 0.200000]
-------------------------------------------------------------------------
>> STATS for tests_out/t14_test.bin
 #polynomials = 100    deg = 7     X = [-0.300000 , 0.200000]
>> [EVAL_TIME]
Form         max          min         mean       median  deg         X
-------------------------------------------------------------------------
 HF         0.0042      0.0026      0.0035      0.0040   7 [-0.300000, 0.200000]
 HFBZ       0.0036      0.0017      0.0025      0.0026   7 [-0.300000, 0.200000]
 MVF        0.0110      0.0094      0.0100      0.0099   7 [-0.300000, 0.200000]
 SF         0.0325      0.0208      0.0222      0.0221   7 [-0.300000, 0.200000]
 MVFBC      0.0161      0.0089      0.0135      0.0137   7 [-0.300000, 0.200000]
 TF         0.0324      0.0221      0.0230      0.0228   7 [-0.300000, 0.200000]
 TFBM       0.0326      0.0169      0.0247      0.0267   7 [-0.300000, 0.200000]
 BF         0.0545      0.0265      0.0406      0.0410   7 [-0.300000, 0.200000]
 BFBZ       0.1013      0.0532      0.0711      0.0753   7 [-0.300000, 0.200000]
 IF         0.0193      0.0120      0.0182      0.0187   7 [-0.300000, 0.200000]
 IF2        0.0265      0.0210      0.0216      0.0214   7 [-0.300000, 0.200000]
 ISF        0.0174      0.0105      0.0149      0.0164   7 [-0.300000, 0.200000]
-------------------------------------------------------------------------
>> STATS for tests_out/t15_test.bin
 #polynomials = 100    deg = 11    X = [-0.300000 , 0.200000]
>> [EVAL_TIME]
Form         max          min         mean       median  deg         X
-------------------------------------------------------------------------
 HF         0.0061      0.0039      0.0043      0.0040  11 [-0.300000, 0.200000]
 HFBZ       0.0046      0.0035      0.0036      0.0036  11 [-0.300000, 0.200000]
 MVF        0.0149      0.0143      0.0145      0.0145  11 [-0.300000, 0.200000]
 SF         0.0351      0.0204      0.0267      0.0235  11 [-0.300000, 0.200000]
 MVFBC      0.0206      0.0133      0.0155      0.0134  11 [-0.300000, 0.200000]
 TF         0.0467      0.0287      0.0406      0.0450  11 [-0.300000, 0.200000]
 TFBM       0.0601      0.0325      0.0467      0.0504  11 [-0.300000, 0.200000]
 BF         0.1023      0.0529      0.0793      0.0817  11 [-0.300000, 0.200000]
 BFBZ       0.1681      0.1059      0.1476      0.1643  11 [-0.300000, 0.200000]
 IF         0.0180      0.0176      0.0178      0.0177  11 [-0.300000, 0.200000]
 IF2        0.0294      0.0192      0.0197      0.0195  11 [-0.300000, 0.200000]
 ISF        0.0253      0.0147      0.0164      0.0148  11 [-0.300000, 0.200000]
-------------------------------------------------------------------------
>> STATS for tests_out/t16_test.bin
 #polynomials = 100    deg = 16    X = [-0.300000 , 0.200000]
>> [EVAL_TIME]
Form         max          min         mean       median  deg         X
-------------------------------------------------------------------------
 HF         0.0084      0.0082      0.0083      0.0083  16 [-0.300000, 0.200000]
 HFBZ       0.0175      0.0030      0.0042      0.0036  16 [-0.300000, 0.200000]
 MVF        0.0214      0.0129      0.0199      0.0202  16 [-0.300000, 0.200000]
 SF         0.0494      0.0293      0.0436      0.0458  16 [-0.300000, 0.200000]
 MVFBC      0.0554      0.0286      0.0323      0.0347  16 [-0.300000, 0.200000]
 TF         0.1059      0.0550      0.0921      0.0877  16 [-0.300000, 0.200000]
 TFBM       0.1478      0.0803      0.0951      0.0939  16 [-0.300000, 0.200000]
 BF         0.1836      0.1385      0.1573      0.1524  16 [-0.300000, 0.200000]
 BFBZ       0.3126      0.3023      0.3070      0.3076  16 [-0.300000, 0.200000]
 IF         0.0394      0.0281      0.0381      0.0382  16 [-0.300000, 0.200000]
 IF2        0.0506      0.0261      0.0438      0.0482  16 [-0.300000, 0.200000]
 ISF        0.0391      0.0200      0.0312      0.0311  16 [-0.300000, 0.200000]
-------------------------------------------------------------------------
>> STATS for tests_out/t17_test.bin
 #polynomials = 100    deg = 21    X = [-0.300000 , 0.200000]
>> [EVAL_TIME]
Form         max          min         mean       median  deg         X
-------------------------------------------------------------------------
 HF         0.0110      0.0070      0.0096      0.0108  21 [-0.300000, 0.200000]
 HFBZ       0.0071      0.0059      0.0060      0.0060  21 [-0.300000, 0.200000]
 MVF        0.0273      0.0263      0.0266      0.0266  21 [-0.300000, 0.200000]
 SF         0.0650      0.0566      0.0603      0.0603  21 [-0.300000, 0.200000]
 MVFBC      0.0387      0.0369      0.0378      0.0378  21 [-0.300000, 0.200000]
 TF         0.1944      0.1345      0.1396      0.1360  21 [-0.300000, 0.200000]
 TFBM       0.1803      0.1450      0.1530      0.1480  21 [-0.300000, 0.200000]
 BF         0.2914      0.2425      0.2536      0.2470  21 [-0.300000, 0.200000]
 BFBZ       0.5850      0.3799      0.4852      0.4893  21 [-0.300000, 0.200000]
 IF         0.0501      0.0478      0.0484      0.0484  21 [-0.300000, 0.200000]
 IF2        0.0641      0.0332      0.0520      0.0509  21 [-0.300000, 0.200000]
 ISF        0.0402      0.0380      0.0387      0.0386  21 [-0.300000, 0.200000]
-------------------------------------------------------------------------
>> STATS for tests_out/t18_test.bin
 #polynomials = 100    deg = 26    X = [-0.300000 , 0.200000]
>> [EVAL_TIME]
Form         max          min         mean       median  deg         X
-------------------------------------------------------------------------
 HF         0.0152      0.0129      0.0133      0.0132  26 [-0.300000, 0.200000]
 HFBZ       0.0099      0.0083      0.0090      0.0090  26 [-0.300000, 0.200000]
 MVF        0.0400      0.0317      0.0346      0.0322  26 [-0.300000, 0.200000]
 SF         0.0764      0.0702      0.0722      0.0720  26 [-0.300000, 0.200000]
 MVFBC      0.0479      0.0448      0.0456      0.0454  26 [-0.300000, 0.200000]
 TF         0.2489      0.1466      0.2000      0.2003  26 [-0.300000, 0.200000]
 TFBM       0.2212      0.1523      0.2007      0.2104  26 [-0.300000, 0.200000]
 BF         0.3606      0.2779      0.3427      0.3545  26 [-0.300000, 0.200000]
 BFBZ       0.8829      0.5511      0.6837      0.7045  26 [-0.300000, 0.200000]
 IF         0.0611      0.0411      0.0566      0.0588  26 [-0.300000, 0.200000]
 IF2        0.0645      0.0599      0.0612      0.0611  26 [-0.300000, 0.200000]
 ISF        0.0564      0.0462      0.0499      0.0473  26 [-0.300000, 0.200000]
-------------------------------------------------------------------------
>> STATS for tests_out/t19_test.bin
 #polynomials = 100    deg = 31    X = [-0.300000 , 0.200000]
>> [EVAL_TIME]
Form         max          min         mean       median  deg         X
-------------------------------------------------------------------------
 HF         0.0170      0.0155      0.0158      0.0158  31 [-0.300000, 0.200000]
 HFBZ       0.0095      0.0073      0.0083      0.0083  31 [-0.300000, 0.200000]
 MVF        0.0420      0.0381      0.0389      0.0388  31 [-0.300000, 0.200000]
 SF         0.0894      0.0578      0.0845      0.0854  31 [-0.300000, 0.200000]
 MVFBC      0.0566      0.0352      0.0521      0.0539  31 [-0.300000, 0.200000]
 TF         0.2850      0.2263      0.2734      0.2756  31 [-0.300000, 0.200000]
 TFBM       0.3474      0.2268      0.2873      0.2905  31 [-0.300000, 0.200000]
 BF         0.4958      0.3786      0.4779      0.4870  31 [-0.300000, 0.200000]
 BFBZ       1.0102      0.8001      0.9604      0.9687  31 [-0.300000, 0.200000]
 IF         0.0709      0.0560      0.0690      0.0692  31 [-0.300000, 0.200000]
 IF2        0.0760      0.0583      0.0708      0.0714  31 [-0.300000, 0.200000]
 ISF        0.0564      0.0529      0.0537      0.0536  31 [-0.300000, 0.200000]
-------------------------------------------------------------------------
>> STATS for tests_out/t21_test.bin
 #polynomials = 100    deg = 4     X = [-0.150000 , 0.100000]
>> [EVAL_TIME]
Form         max          min         mean       median  deg         X
-------------------------------------------------------------------------
 HF         0.0028      0.0026      0.0027      0.0027   4 [-0.150000, 0.100000]
 HFBZ       0.0021      0.0019      0.0020      0.0020   4 [-0.150000, 0.100000]
 MVF        0.0075      0.0061      0.0061      0.0061   4 [-0.150000, 0.100000]
 SF         0.0157      0.0136      0.0144      0.0146   4 [-0.150000, 0.100000]
 MVFBC      0.0094      0.0088      0.0089      0.0089   4 [-0.150000, 0.100000]
 TF         0.0112      0.0070      0.0105      0.0109   4 [-0.150000, 0.100000]
 TFBM       0.0135      0.0090      0.0131      0.0131   4 [-0.150000, 0.100000]
 BF         0.0232      0.0127      0.0196      0.0197   4 [-0.150000, 0.100000]
 BFBZ       0.0504      0.0258      0.0407      0.0400   4 [-0.150000, 0.100000]
 IF         0.0150      0.0125      0.0128      0.0126   4 [-0.150000, 0.100000]
 IF2        0.0171      0.0150      0.0153      0.0152   4 [-0.150000, 0.100000]
 ISF        0.0130      0.0117      0.0120      0.0119   4 [-0.150000, 0.100000]
-------------------------------------------------------------------------
>> STATS for tests_out/t22_test.bin
 #polynomials = 100    deg = 5     X = [-0.150000 , 0.100000]
>> [EVAL_TIME]
Form         max          min         mean       median  deg         X
-------------------------------------------------------------------------
 HF         0.0055      0.0032      0.0032      0.0032   5 [-0.150000, 0.100000]
 HFBZ       0.0187      0.0021      0.0029      0.0022   5 [-0.150000, 0.100000]
 MVF        0.0094      0.0074      0.0081      0.0084   5 [-0.150000, 0.100000]
 SF         0.0584      0.0160      0.0177      0.0171   5 [-0.150000, 0.100000]
 MVFBC      0.0119      0.0104      0.0107      0.0106   5 [-0.150000, 0.100000]
 TF         0.0152      0.0093      0.0129      0.0142   5 [-0.150000, 0.100000]
 TFBM       0.0188      0.0172      0.0176      0.0174   5 [-0.150000, 0.100000]
 BF         0.0270      0.0168      0.0257      0.0260   5 [-0.150000, 0.100000]
 BFBZ       0.0545      0.0519      0.0526      0.0525   5 [-0.150000, 0.100000]
 IF         0.0154      0.0144      0.0146      0.0145   5 [-0.150000, 0.100000]
 IF2        0.0181      0.0168      0.0172      0.0171   5 [-0.150000, 0.100000]
 ISF        0.0151      0.0132      0.0135      0.0134   5 [-0.150000, 0.100000]
-------------------------------------------------------------------------
>> STATS for tests_out/t23_test.bin
 #polynomials = 100    deg = 6     X = [-0.150000 , 0.100000]
>> [EVAL_TIME]
Form         max          min         mean       median  deg         X
-------------------------------------------------------------------------
 HF         0.0048      0.0036      0.0037      0.0036   6 [-0.150000, 0.100000]
 HFBZ       0.0040      0.0027      0.0029      0.0029   6 [-0.150000, 0.100000]
 MVF        0.0112      0.0099      0.0101      0.0101   6 [-0.150000, 0.100000]
 SF         0.0248      0.0123      0.0211      0.0207   6 [-0.150000, 0.100000]
 MVFBC      0.0237      0.0121      0.0125      0.0123   6 [-0.150000, 0.100000]
 TF         0.0224      0.0219      0.0222      0.0222   6 [-0.150000, 0.100000]
 TFBM       0.0260      0.0216      0.0235      0.0222   6 [-0.150000, 0.100000]
 BF         0.0350      0.0250      0.0335      0.0335   6 [-0.150000, 0.100000]
 BFBZ       0.0828      0.0440      0.0680      0.0678   6 [-0.150000, 0.100000]
 IF         0.0172      0.0110      0.0166      0.0166   6 [-0.150000, 0.100000]
 IF2        0.0213      0.0153      0.0192      0.0192   6 [-0.150000, 0.100000]
 ISF        0.0190      0.0172      0.0180      0.0179   6 [-0.150000, 0.100000]
-------------------------------------------------------------------------
>> STATS for tests_out/t24_test.bin
 #polynomials = 100    deg = 7     X = [-0.150000 , 0.100000]
>> [EVAL_TIME]
Form         max          min         mean       median  deg         X
-------------------------------------------------------------------------
 HF         0.0054      0.0048      0.0049      0.0049   7 [-0.150000, 0.100000]
 HFBZ       0.0040      0.0026      0.0030      0.0032   7 [-0.150000, 0.100000]
 MVF        0.0097      0.0093      0.0094      0.0094   7 [-0.150000, 0.100000]
 SF         0.0290      0.0211      0.0254      0.0252   7 [-0.150000, 0.100000]
 MVFBC      0.0163      0.0135      0.0139      0.0138   7 [-0.150000, 0.100000]
 TF         0.0305      0.0270      0.0277      0.0276   7 [-0.150000, 0.100000]
 TFBM       0.0317      0.0259      0.0285      0.0275   7 [-0.150000, 0.100000]
 BF         0.0481      0.0403      0.0452      0.0472   7 [-0.150000, 0.100000]
 BFBZ       0.0835      0.0618      0.0797      0.0812   7 [-0.150000, 0.100000]
 IF         0.0193      0.0179      0.0183      0.0183   7 [-0.150000, 0.100000]
 IF2        0.0219      0.0204      0.0209      0.0209   7 [-0.150000, 0.100000]
 ISF        0.0171      0.0158      0.0161      0.0160   7 [-0.150000, 0.100000]
-------------------------------------------------------------------------
>> STATS for tests_out/t25_test.bin
 #polynomials = 100    deg = 11    X = [-0.150000 , 0.100000]
>> [EVAL_TIME]
Form         max          min         mean       median  deg         X
-------------------------------------------------------------------------
 HF         0.0074      0.0038      0.0060      0.0070  11 [-0.150000, 0.100000]
 HFBZ       0.0045      0.0022      0.0032      0.0022  11 [-0.150000, 0.100000]
 MVF        0.0175      0.0090      0.0133      0.0164  11 [-0.150000, 0.100000]
 SF         0.0398      0.0199      0.0305      0.0312  11 [-0.150000, 0.100000]
 MVFBC      0.0212      0.0200      0.0203      0.0203  11 [-0.150000, 0.100000]
 TF         0.0476      0.0447      0.0452      0.0451  11 [-0.150000, 0.100000]
 TFBM       0.0523      0.0327      0.0484      0.0501  11 [-0.150000, 0.100000]
 BF         0.0826      0.0793      0.0805      0.0803  11 [-0.150000, 0.100000]
 BFBZ       0.1666      0.1219      0.1546      0.1602  11 [-0.150000, 0.100000]
 IF         0.0274      0.0263      0.0267      0.0267  11 [-0.150000, 0.100000]
 IF2        0.0303      0.0187      0.0283      0.0289  11 [-0.150000, 0.100000]
 ISF        0.0230      0.0217      0.0220      0.0219  11 [-0.150000, 0.100000]
-------------------------------------------------------------------------
>> STATS for tests_out/t26_test.bin
 #polynomials = 100    deg = 16    X = [-0.150000 , 0.100000]
>> [EVAL_TIME]
Form         max          min         mean       median  deg         X
-------------------------------------------------------------------------
 HF         0.0103      0.0081      0.0083      0.0083  16 [-0.150000, 0.100000]
 HFBZ       0.0057      0.0045      0.0047      0.0047  16 [-0.150000, 0.100000]
 MVF        0.0264      0.0197      0.0228      0.0234  16 [-0.150000, 0.100000]
 SF         0.0567      0.0282      0.0470      0.0518  16 [-0.150000, 0.100000]
 MVFBC      0.0345      0.0179      0.0274      0.0284  16 [-0.150000, 0.100000]
 TF         0.1006      0.0624      0.0849      0.0827  16 [-0.150000, 0.100000]
 TFBM       0.0922      0.0571      0.0858      0.0884  16 [-0.150000, 0.100000]
 BF         0.1721      0.1439      0.1507      0.1488  16 [-0.150000, 0.100000]
 BFBZ       0.3000      0.2813      0.2945      0.2947  16 [-0.150000, 0.100000]
 IF         0.0465      0.0241      0.0407      0.0432  16 [-0.150000, 0.100000]
 IF2        0.0397      0.0384      0.0388      0.0388  16 [-0.150000, 0.100000]
 ISF        0.0325      0.0291      0.0297      0.0295  16 [-0.150000, 0.100000]
-------------------------------------------------------------------------
>> STATS for tests_out/t27_test.bin
 #polynomials = 100    deg = 21    X = [-0.150000 , 0.100000]
>> [EVAL_TIME]
Form         max          min         mean       median  deg         X
-------------------------------------------------------------------------
 HF         0.0105      0.0102      0.0104      0.0103  21 [-0.150000, 0.100000]
 HFBZ       0.0058      0.0056      0.0057      0.0057  21 [-0.150000, 0.100000]
 MVF        0.0508      0.0249      0.0263      0.0253  21 [-0.150000, 0.100000]
 SF         0.0668      0.0556      0.0577      0.0575  21 [-0.150000, 0.100000]
 MVFBC      0.0378      0.0354      0.0361      0.0360  21 [-0.150000, 0.100000]
 TF         0.1563      0.0991      0.1352      0.1334  21 [-0.150000, 0.100000]
 TFBM       0.1652      0.1388      0.1436      0.1416  21 [-0.150000, 0.100000]
 BF         0.2372      0.2170      0.2326      0.2321  21 [-0.150000, 0.100000]
 BFBZ       0.5923      0.3475      0.4599      0.4649  21 [-0.150000, 0.100000]
 IF         0.0497      0.0455      0.0460      0.0458  21 [-0.150000, 0.100000]
 IF2        0.0536      0.0478      0.0491      0.0487  21 [-0.150000, 0.100000]
 ISF        0.0465      0.0235      0.0388      0.0373  21 [-0.150000, 0.100000]
-------------------------------------------------------------------------
>> STATS for tests_out/t28_test.bin
 #polynomials = 100    deg = 26    X = [-0.150000 , 0.100000]
>> [EVAL_TIME]
Form         max          min         mean       median  deg         X
-------------------------------------------------------------------------
 HF         0.0130      0.0124      0.0127      0.0128  26 [-0.150000, 0.100000]
 HFBZ       0.0079      0.0067      0.0068      0.0068  26 [-0.150000, 0.100000]
 MVF        0.0331      0.0200      0.0307      0.0312  26 [-0.150000, 0.100000]
 SF         0.0727      0.0556      0.0689      0.0690  26 [-0.150000, 0.100000]
 MVFBC      0.0542      0.0510      0.0527      0.0528  26 [-0.150000, 0.100000]
 TF         0.2344      0.1702      0.1931      0.1929  26 [-0.150000, 0.100000]
 TFBM       0.2443      0.2019      0.2089      0.2063  26 [-0.150000, 0.100000]
 BF         0.4021      0.3029      0.3455      0.3415  26 [-0.150000, 0.100000]
 BFBZ       0.6982      0.6653      0.6847      0.6850  26 [-0.150000, 0.100000]
 IF         0.0695      0.0366      0.0627      0.0654  26 [-0.150000, 0.100000]
 IF2        0.0726      0.0583      0.0634      0.0598  26 [-0.150000, 0.100000]
 ISF        0.0461      0.0439      0.0446      0.0446  26 [-0.150000, 0.100000]
-------------------------------------------------------------------------
>> STATS for tests_out/t29_test.bin
 #polynomials = 100    deg = 31    X = [-0.150000 , 0.100000]
>> [EVAL_TIME]
Form         max          min         mean       median  deg         X
-------------------------------------------------------------------------
 HF         0.0162      0.0148      0.0151      0.0150  31 [-0.150000, 0.100000]
 HFBZ       0.0107      0.0094      0.0096      0.0096  31 [-0.150000, 0.100000]
 MVF        0.0439      0.0360      0.0381      0.0369  31 [-0.150000, 0.100000]
 SF         0.1221      0.0567      0.0857      0.0826  31 [-0.150000, 0.100000]
 MVFBC      0.0623      0.0498      0.0512      0.0510  31 [-0.150000, 0.100000]
 TF         0.3265      0.2599      0.2677      0.2637  31 [-0.150000, 0.100000]
 TFBM       0.3397      0.2719      0.2844      0.2807  31 [-0.150000, 0.100000]
 BF         0.4850      0.4477      0.4634      0.4625  31 [-0.150000, 0.100000]
 BFBZ       0.9534      0.7605      0.9170      0.9290  31 [-0.150000, 0.100000]
 IF         0.0794      0.0421      0.0679      0.0668  31 [-0.150000, 0.100000]
 IF2        0.0698      0.0473      0.0670      0.0685  31 [-0.150000, 0.100000]
 ISF        0.0573      0.0508      0.0526      0.0524  31 [-0.150000, 0.100000]
-------------------------------------------------------------------------
>> STATS for tests_out/t31_test.bin
 #polynomials = 100    deg = 4     X = [-0.100000 , 0.100000]
>> [EVAL_TIME]
Form         max          min         mean       median  deg         X
-------------------------------------------------------------------------
 HF         0.0026      0.0017      0.0024      0.0026   4 [-0.100000, 0.100000]
 HFBZ       0.0019      0.0012      0.0017      0.0019   4 [-0.100000, 0.100000]
 MVF        0.0060      0.0038      0.0052      0.0058   4 [-0.100000, 0.100000]
 SF         0.0155      0.0085      0.0130      0.0134   4 [-0.100000, 0.100000]
 MVFBC      0.0120      0.0099      0.0101      0.0100   4 [-0.100000, 0.100000]
 TF         0.0133      0.0120      0.0123      0.0122   4 [-0.100000, 0.100000]
 TFBM       0.0150      0.0147      0.0148      0.0148   4 [-0.100000, 0.100000]
 BF         0.0222      0.0121      0.0204      0.0217   4 [-0.100000, 0.100000]
 BFBZ       0.0666      0.0378      0.0390      0.0382   4 [-0.100000, 0.100000]
 IF         0.0137      0.0118      0.0120      0.0119   4 [-0.100000, 0.100000]
 IF2        0.0179      0.0141      0.0161      0.0169   4 [-0.100000, 0.100000]
 ISF        0.0151      0.0072      0.0129      0.0132   4 [-0.100000, 0.100000]
-------------------------------------------------------------------------
>> STATS for tests_out/t32_test.bin
 #polynomials = 100    deg = 5     X = [-0.100000 , 0.100000]
>> [EVAL_TIME]
Form         max          min         mean       median  deg         X
-------------------------------------------------------------------------
 HF         0.0032      0.0030      0.0031      0.0031   5 [-0.100000, 0.100000]
 HFBZ       0.0023      0.0021      0.0022      0.0022   5 [-0.100000, 0.100000]
 MVF        0.0082      0.0070      0.0071      0.0070   5 [-0.100000, 0.100000]
 SF         0.0214      0.0155      0.0182      0.0185   5 [-0.100000, 0.100000]
 MVFBC      0.0130      0.0117      0.0120      0.0119   5 [-0.100000, 0.100000]
 TF         0.0167      0.0159      0.0161      0.0161   5 [-0.100000, 0.100000]
 TFBM       0.0196      0.0192      0.0194      0.0194   5 [-0.100000, 0.100000]
 BF         0.0294      0.0248      0.0264      0.0254   5 [-0.100000, 0.100000]
 BFBZ       0.0606      0.0329      0.0504      0.0511   5 [-0.100000, 0.100000]
 IF         0.0175      0.0091      0.0159      0.0169   5 [-0.100000, 0.100000]
 IF2        0.0178      0.0105      0.0156      0.0164   5 [-0.100000, 0.100000]
 ISF        0.0137      0.0082      0.0114      0.0125   5 [-0.100000, 0.100000]
-------------------------------------------------------------------------
>> STATS for tests_out/t33_test.bin
 #polynomials = 100    deg = 6     X = [-0.100000 , 0.100000]
>> [EVAL_TIME]
Form         max          min         mean       median  deg         X
-------------------------------------------------------------------------
 HF         0.0023      0.0022      0.0023      0.0023   6 [-0.100000, 0.100000]
 HFBZ       0.0016      0.0015      0.0015      0.0015   6 [-0.100000, 0.100000]
 MVF        0.0054      0.0053      0.0053      0.0053   6 [-0.100000, 0.100000]
 SF         0.0219      0.0116      0.0156      0.0168   6 [-0.100000, 0.100000]
 MVFBC      0.0129      0.0115      0.0116      0.0116   6 [-0.100000, 0.100000]
 TF         0.0176      0.0112      0.0172      0.0174   6 [-0.100000, 0.100000]
 TFBM       0.0244      0.0131      0.0219      0.0205   6 [-0.100000, 0.100000]
 BF         0.0317      0.0200      0.0303      0.0313   6 [-0.100000, 0.100000]
 BFBZ       0.0418      0.0412      0.0415      0.0416   6 [-0.100000, 0.100000]
 IF         0.0107      0.0103      0.0104      0.0104   6 [-0.100000, 0.100000]
 IF2        0.0230      0.0118      0.0176      0.0182   6 [-0.100000, 0.100000]
 ISF        0.0154      0.0131      0.0141      0.0140   6 [-0.100000, 0.100000]
-------------------------------------------------------------------------
>> STATS for tests_out/t34_test.bin
 #polynomials = 100    deg = 7     X = [-0.100000 , 0.100000]
>> [EVAL_TIME]
Form         max          min         mean       median  deg         X
-------------------------------------------------------------------------
 HF         0.0040      0.0039      0.0039      0.0039   7 [-0.100000, 0.100000]
 HFBZ       0.0031      0.0020      0.0026      0.0026   7 [-0.100000, 0.100000]
 MVF        0.0098      0.0086      0.0093      0.0093   7 [-0.100000, 0.100000]
 SF         0.0239      0.0183      0.0212      0.0213   7 [-0.100000, 0.100000]
 MVFBC      0.0171      0.0132      0.0155      0.0159   7 [-0.100000, 0.100000]
 TF         0.0275      0.0141      0.0239      0.0221   7 [-0.100000, 0.100000]
 TFBM       0.0270      0.0251      0.0256      0.0257   7 [-0.100000, 0.100000]
 BF         0.0462      0.0257      0.0283      0.0259   7 [-0.100000, 0.100000]
 BFBZ       0.0823      0.0510      0.0591      0.0516   7 [-0.100000, 0.100000]
 IF         0.0122      0.0116      0.0118      0.0117   7 [-0.100000, 0.100000]
 IF2        0.0137      0.0131      0.0132      0.0132   7 [-0.100000, 0.100000]
 ISF        0.0107      0.0100      0.0102      0.0101   7 [-0.100000, 0.100000]
-------------------------------------------------------------------------
>> STATS for tests_out/t35_test.bin
 #polynomials = 100    deg = 11    X = [-0.100000 , 0.100000]
>> [EVAL_TIME]
Form         max          min         mean       median  deg         X
-------------------------------------------------------------------------
 HF         0.0063      0.0057      0.0058      0.0057  11 [-0.100000, 0.100000]
 HFBZ       0.0040      0.0034      0.0035      0.0035  11 [-0.100000, 0.100000]
 MVF        0.0149      0.0137      0.0139      0.0139  11 [-0.100000, 0.100000]
 SF         0.0339      0.0195      0.0268      0.0306  11 [-0.100000, 0.100000]
 MVFBC      0.0130      0.0127      0.0128      0.0128  11 [-0.100000, 0.100000]
 TF         0.0516      0.0282      0.0439      0.0440  11 [-0.100000, 0.100000]
 TFBM       0.0497      0.0311      0.0383      0.0317  11 [-0.100000, 0.100000]
 BF         0.0816      0.0509      0.0697      0.0785  11 [-0.100000, 0.100000]
 BFBZ       0.1581      0.1013      0.1077      0.1026  11 [-0.100000, 0.100000]
 IF         0.0266      0.0169      0.0227      0.0260  11 [-0.100000, 0.100000]
 IF2        0.0294      0.0182      0.0241      0.0283  11 [-0.100000, 0.100000]
 ISF        0.0228      0.0137      0.0149      0.0139  11 [-0.100000, 0.100000]
-------------------------------------------------------------------------
>> STATS for tests_out/t36_test.bin
 #polynomials = 100    deg = 16    X = [-0.100000 , 0.100000]
>> [EVAL_TIME]
Form         max          min         mean       median  deg         X
-------------------------------------------------------------------------
 HF         0.0320      0.0056      0.0078      0.0085  16 [-0.100000, 0.100000]
 HFBZ       0.0251      0.0036      0.0051      0.0048  16 [-0.100000, 0.100000]
 MVF        0.0429      0.0132      0.0163      0.0134  16 [-0.100000, 0.100000]
 SF         0.0549      0.0293      0.0451      0.0463  16 [-0.100000, 0.100000]
 MVFBC      0.0236      0.0187      0.0192      0.0191  16 [-0.100000, 0.100000]
 TF         0.0935      0.0539      0.0596      0.0544  16 [-0.100000, 0.100000]
 TFBM       0.1048      0.0592      0.0825      0.0912  16 [-0.100000, 0.100000]
 BF         0.1947      0.0971      0.1135      0.0978  16 [-0.100000, 0.100000]
 BFBZ       0.3494      0.1943      0.2309      0.1982  16 [-0.100000, 0.100000]
 IF         0.0724      0.0246      0.0381      0.0385  16 [-0.100000, 0.100000]
 IF2        0.0469      0.0259      0.0357      0.0397  16 [-0.100000, 0.100000]
 ISF        0.0490      0.0298      0.0324      0.0302  16 [-0.100000, 0.100000]
-------------------------------------------------------------------------
>> STATS for tests_out/t37_test.bin
 #polynomials = 100    deg = 21    X = [-0.100000 , 0.100000]
>> [EVAL_TIME]
Form         max          min         mean       median  deg         X
-------------------------------------------------------------------------
 HF         0.0072      0.0070      0.0070      0.0070  21 [-0.100000, 0.100000]
 HFBZ       0.0071      0.0038      0.0040      0.0038  21 [-0.100000, 0.100000]
 MVF        0.0300      0.0169      0.0204      0.0170  21 [-0.100000, 0.100000]
 SF         0.0640      0.0372      0.0530      0.0579  21 [-0.100000, 0.100000]
 MVFBC      0.0382      0.0238      0.0294      0.0239  21 [-0.100000, 0.100000]
 TF         0.1389      0.0873      0.1160      0.1359  21 [-0.100000, 0.100000]
 TFBM       0.1489      0.0933      0.1238      0.1444  21 [-0.100000, 0.100000]
 BF         0.2992      0.1581      0.2191      0.2441  21 [-0.100000, 0.100000]
 BFBZ       0.5623      0.3183      0.4646      0.4891  21 [-0.100000, 0.100000]
 IF         0.0615      0.0317      0.0483      0.0486  21 [-0.100000, 0.100000]
 IF2        0.0719      0.0334      0.0517      0.0513  21 [-0.100000, 0.100000]
 ISF        0.0500      0.0376      0.0384      0.0382  21 [-0.100000, 0.100000]
-------------------------------------------------------------------------
>> STATS for tests_out/t38_test.bin
 #polynomials = 100    deg = 26    X = [-0.100000 , 0.100000]
>> [EVAL_TIME]
Form         max          min         mean       median  deg         X
-------------------------------------------------------------------------
 HF         0.0168      0.0132      0.0134      0.0134  26 [-0.100000, 0.100000]
 HFBZ       0.0097      0.0085      0.0088      0.0087  26 [-0.100000, 0.100000]
 MVF        0.0486      0.0212      0.0360      0.0384  26 [-0.100000, 0.100000]
 SF         0.0897      0.0476      0.0783      0.0748  26 [-0.100000, 0.100000]
 MVFBC      0.0486      0.0455      0.0464      0.0460  26 [-0.100000, 0.100000]
 TF         0.2165      0.2002      0.2038      0.2037  26 [-0.100000, 0.100000]
 TFBM       0.2586      0.1676      0.2180      0.2136  26 [-0.100000, 0.100000]
 BF         0.4265      0.2815      0.3505      0.3572  26 [-0.100000, 0.100000]
 BFBZ       0.9046      0.6803      0.7271      0.7254  26 [-0.100000, 0.100000]
 IF         0.0733      0.0403      0.0553      0.0589  26 [-0.100000, 0.100000]
 IF2        0.0742      0.0496      0.0650      0.0623  26 [-0.100000, 0.100000]
 ISF        0.0588      0.0454      0.0468      0.0464  26 [-0.100000, 0.100000]
-------------------------------------------------------------------------
>> STATS for tests_out/t39_test.bin
 #polynomials = 100    deg = 31    X = [-0.100000 , 0.100000]
>> [EVAL_TIME]
Form         max          min         mean       median  deg         X
-------------------------------------------------------------------------
 HF         0.0173      0.0156      0.0159      0.0159  31 [-0.100000, 0.100000]
 HFBZ       0.0094      0.0083      0.0084      0.0084  31 [-0.100000, 0.100000]
 MVF        0.0407      0.0381      0.0387      0.0386  31 [-0.100000, 0.100000]
 SF         0.1056      0.0559      0.0866      0.0856  31 [-0.100000, 0.100000]
 MVFBC      0.0716      0.0360      0.0565      0.0539  31 [-0.100000, 0.100000]
 TF         0.3362      0.2055      0.2630      0.2746  31 [-0.100000, 0.100000]
 TFBM       0.3566      0.2204      0.2923      0.2935  31 [-0.100000, 0.100000]
 BF         0.5805      0.3885      0.4880      0.4943  31 [-0.100000, 0.100000]
 BFBZ       1.1942      0.7894      0.9464      0.9788  31 [-0.100000, 0.100000]
 IF         0.0717      0.0552      0.0693      0.0694  31 [-0.100000, 0.100000]
 IF2        0.0762      0.0515      0.0694      0.0720  31 [-0.100000, 0.100000]
 ISF        0.0646      0.0469      0.0559      0.0536  31 [-0.100000, 0.100000]
-------------------------------------------------------------------------
>> STATS for tests_out/t41_test.bin
 #polynomials = 100    deg = 4     X = [-0.300000 , -0.200000]
>> [EVAL_TIME]
Form         max          min         mean       median  deg         X
-------------------------------------------------------------------------
 HF         0.0042      0.0029      0.0032      0.0032   4 [-0.300000, -0.200000]
 HFBZ       0.0057      0.0039      0.0043      0.0043   4 [-0.300000, -0.200000]
 MVF        0.0105      0.0075      0.0079      0.0078   4 [-0.300000, -0.200000]
 SF         0.0121      0.0056      0.0081      0.0085   4 [-0.300000, -0.200000]
 MVFBC      0.0100      0.0060      0.0080      0.0090   4 [-0.300000, -0.200000]
 TF         0.0120      0.0071      0.0097      0.0107   4 [-0.300000, -0.200000]
 TFBM       0.0145      0.0129      0.0132      0.0132   4 [-0.300000, -0.200000]
 BF         0.0221      0.0197      0.0202      0.0200   4 [-0.300000, -0.200000]
 BFBZ       0.0218      0.0200      0.0203      0.0202   4 [-0.300000, -0.200000]
 IF         0.0150      0.0128      0.0132      0.0131   4 [-0.300000, -0.200000]
 IF2        0.0225      0.0152      0.0158      0.0157   4 [-0.300000, -0.200000]
 ISF        0.0222      0.0119      0.0123      0.0121   4 [-0.300000, -0.200000]
-------------------------------------------------------------------------
>> STATS for tests_out/t42_test.bin
 #polynomials = 100    deg = 5     X = [-0.300000 , -0.200000]
>> [EVAL_TIME]
Form         max          min         mean       median  deg         X
-------------------------------------------------------------------------
 HF         0.0053      0.0035      0.0038      0.0036   5 [-0.300000, -0.200000]
 HFBZ       0.0054      0.0039      0.0042      0.0040   5 [-0.300000, -0.200000]
 MVF        0.0090      0.0076      0.0080      0.0079   5 [-0.300000, -0.200000]
 SF         0.0128      0.0103      0.0110      0.0106   5 [-0.300000, -0.200000]
 MVFBC      0.0122      0.0071      0.0103      0.0110   5 [-0.300000, -0.200000]
 TF         0.0171      0.0093      0.0145      0.0145   5 [-0.300000, -0.200000]
 TFBM       0.0279      0.0113      0.0175      0.0175   5 [-0.300000, -0.200000]
 BF         0.0276      0.0172      0.0260      0.0266   5 [-0.300000, -0.200000]
 BFBZ       0.0291      0.0264      0.0271      0.0268   5 [-0.300000, -0.200000]
 IF         0.0171      0.0098      0.0150      0.0153   5 [-0.300000, -0.200000]
 IF2        0.0197      0.0116      0.0179      0.0179   5 [-0.300000, -0.200000]
 ISF        0.0144      0.0134      0.0136      0.0135   5 [-0.300000, -0.200000]
-------------------------------------------------------------------------
>> STATS for tests_out/t43_test.bin
 #polynomials = 100    deg = 6     X = [-0.300000 , -0.200000]
>> [EVAL_TIME]
Form         max          min         mean       median  deg         X
-------------------------------------------------------------------------
 HF         0.0056      0.0040      0.0043      0.0041   6 [-0.300000, -0.200000]
 HFBZ       0.0061      0.0044      0.0047      0.0046   6 [-0.300000, -0.200000]
 MVF        0.0126      0.0058      0.0093      0.0105   6 [-0.300000, -0.200000]
 SF         0.0175      0.0119      0.0140      0.0141   6 [-0.300000, -0.200000]
 MVFBC      0.0141      0.0122      0.0130      0.0129   6 [-0.300000, -0.200000]
 TF         0.0197      0.0183      0.0186      0.0186   6 [-0.300000, -0.200000]
 TFBM       0.0231      0.0214      0.0219      0.0219   6 [-0.300000, -0.200000]
 BF         0.0342      0.0219      0.0295      0.0299   6 [-0.300000, -0.200000]
 BFBZ       0.0361      0.0232      0.0340      0.0342   6 [-0.300000, -0.200000]
 IF         0.0210      0.0170      0.0175      0.0173   6 [-0.300000, -0.200000]
 IF2        0.0215      0.0195      0.0200      0.0199   6 [-0.300000, -0.200000]
 ISF        0.0169      0.0149      0.0152      0.0151   6 [-0.300000, -0.200000]
-------------------------------------------------------------------------
>> STATS for tests_out/t44_test.bin
 #polynomials = 100    deg = 7     X = [-0.300000 , -0.200000]
>> [EVAL_TIME]
Form         max          min         mean       median  deg         X
-------------------------------------------------------------------------
 HF         0.0064      0.0038      0.0048      0.0046   7 [-0.300000, -0.200000]
 HFBZ       0.0068      0.0049      0.0051      0.0050   7 [-0.300000, -0.200000]
 MVF        0.0118      0.0100      0.0104      0.0103   7 [-0.300000, -0.200000]
 SF         0.0168      0.0088      0.0138      0.0136   7 [-0.300000, -0.200000]
 MVFBC      0.0161      0.0131      0.0148      0.0146   7 [-0.300000, -0.200000]
 TF         0.0259      0.0228      0.0233      0.0231   7 [-0.300000, -0.200000]
 TFBM       0.0297      0.0266      0.0272      0.0270   7 [-0.300000, -0.200000]
 BF         0.0455      0.0415      0.0422      0.0420   7 [-0.300000, -0.200000]
 BFBZ       0.0498      0.0276      0.0414      0.0424   7 [-0.300000, -0.200000]
 IF         0.0247      0.0196      0.0226      0.0228   7 [-0.300000, -0.200000]
 IF2        0.0242      0.0217      0.0225      0.0223   7 [-0.300000, -0.200000]
 ISF        0.0218      0.0108      0.0188      0.0197   7 [-0.300000, -0.200000]
-------------------------------------------------------------------------
>> STATS for tests_out/t45_test.bin
 #polynomials = 100    deg = 11    X = [-0.300000 , -0.200000]
>> [EVAL_TIME]
Form         max          min         mean       median  deg         X
-------------------------------------------------------------------------
 HF         0.0085      0.0064      0.0068      0.0067  11 [-0.300000, -0.200000]
 HFBZ       0.0091      0.0070      0.0074      0.0073  11 [-0.300000, -0.200000]
 MVF        0.0179      0.0152      0.0158      0.0157  11 [-0.300000, -0.200000]
 SF         0.0242      0.0134      0.0206      0.0205  11 [-0.300000, -0.200000]
 MVFBC      0.0232      0.0206      0.0213      0.0211  11 [-0.300000, -0.200000]
 TF         0.0473      0.0453      0.0459      0.0459  11 [-0.300000, -0.200000]
 TFBM       0.0527      0.0513      0.0518      0.0518  11 [-0.300000, -0.200000]
 BF         0.0861      0.0692      0.0823      0.0834  11 [-0.300000, -0.200000]
 BFBZ       0.0860      0.0551      0.0791      0.0838  11 [-0.300000, -0.200000]
 IF         0.0357      0.0277      0.0299      0.0286  11 [-0.300000, -0.200000]
 IF2        0.0381      0.0205      0.0312      0.0308  11 [-0.300000, -0.200000]
 ISF        0.0284      0.0226      0.0252      0.0241  11 [-0.300000, -0.200000]
-------------------------------------------------------------------------
>> STATS for tests_out/t46_test.bin
 #polynomials = 100    deg = 16    X = [-0.300000 , -0.200000]
>> [EVAL_TIME]
Form         max          min         mean       median  deg         X
-------------------------------------------------------------------------
 HF         0.0107      0.0086      0.0090      0.0089  16 [-0.300000, -0.200000]
 HFBZ       0.0117      0.0091      0.0095      0.0094  16 [-0.300000, -0.200000]
 MVF        0.0229      0.0204      0.0210      0.0208  16 [-0.300000, -0.200000]
 SF         0.0319      0.0271      0.0282      0.0278  16 [-0.300000, -0.200000]
 MVFBC      0.0320      0.0289      0.0298      0.0296  16 [-0.300000, -0.200000]
 TF         0.0890      0.0659      0.0846      0.0862  16 [-0.300000, -0.200000]
 TFBM       0.1129      0.0888      0.1009      0.0952  16 [-0.300000, -0.200000]
 BF         0.1598      0.1210      0.1501      0.1551  16 [-0.300000, -0.200000]
 BFBZ       0.1870      0.1215      0.1569      0.1541  16 [-0.300000, -0.200000]
 IF         0.0418      0.0249      0.0370      0.0385  16 [-0.300000, -0.200000]
 IF2        0.0439      0.0288      0.0413      0.0414  16 [-0.300000, -0.200000]
 ISF        0.0392      0.0303      0.0335      0.0311  16 [-0.300000, -0.200000]
-------------------------------------------------------------------------
>> STATS for tests_out/t47_test.bin
 #polynomials = 100    deg = 21    X = [-0.300000 , -0.200000]
>> [EVAL_TIME]
Form         max          min         mean       median  deg         X
-------------------------------------------------------------------------
 HF         0.0142      0.0112      0.0117      0.0114  21 [-0.300000, -0.200000]
 HFBZ       0.0140      0.0116      0.0121      0.0119  21 [-0.300000, -0.200000]
 MVF        0.0352      0.0314      0.0324      0.0321  21 [-0.300000, -0.200000]
 SF         0.1028      0.0234      0.0392      0.0367  21 [-0.300000, -0.200000]
 MVFBC      0.0447      0.0242      0.0366      0.0376  21 [-0.300000, -0.200000]
 TF         0.1539      0.1231      0.1374      0.1368  21 [-0.300000, -0.200000]
 TFBM       0.1616      0.1453      0.1480      0.1472  21 [-0.300000, -0.200000]
 BF         0.3063      0.2418      0.2534      0.2458  21 [-0.300000, -0.200000]
 BFBZ       0.3481      0.1762      0.2483      0.2496  21 [-0.300000, -0.200000]
 IF         0.0607      0.0325      0.0548      0.0577  21 [-0.300000, -0.200000]
 IF2        0.0741      0.0510      0.0521      0.0517  21 [-0.300000, -0.200000]
 ISF        0.0554      0.0257      0.0386      0.0389  21 [-0.300000, -0.200000]
-------------------------------------------------------------------------
>> STATS for tests_out/t48_test.bin
 #polynomials = 100    deg = 26    X = [-0.300000 , -0.200000]
>> [EVAL_TIME]
Form         max          min         mean       median  deg         X
-------------------------------------------------------------------------
 HF         0.0160      0.0134      0.0140      0.0139  26 [-0.300000, -0.200000]
 HFBZ       0.0161      0.0140      0.0144      0.0143  26 [-0.300000, -0.200000]
 MVF        0.0393      0.0213      0.0342      0.0332  26 [-0.300000, -0.200000]
 SF         0.0532      0.0286      0.0443      0.0441  26 [-0.300000, -0.200000]
 MVFBC      0.0489      0.0454      0.0466      0.0465  26 [-0.300000, -0.200000]
 TF         0.2485      0.1914      0.2087      0.2032  26 [-0.300000, -0.200000]
 TFBM       0.2576      0.1657      0.2152      0.2156  26 [-0.300000, -0.200000]
 BF         0.4227      0.3079      0.3613      0.3595  26 [-0.300000, -0.200000]
 BFBZ       0.3687      0.2813      0.3517      0.3581  26 [-0.300000, -0.200000]
 IF         0.0615      0.0595      0.0601      0.0601  26 [-0.300000, -0.200000]
 IF2        0.0770      0.0406      0.0644      0.0629  26 [-0.300000, -0.200000]
 ISF        0.0581      0.0306      0.0467      0.0467  26 [-0.300000, -0.200000]
-------------------------------------------------------------------------
>> STATS for tests_out/t49_test.bin
 #polynomials = 100    deg = 31    X = [-0.300000 , -0.200000]
>> [EVAL_TIME]
Form         max          min         mean       median  deg         X
-------------------------------------------------------------------------
 HF         0.0185      0.0157      0.0163      0.0161  31 [-0.300000, -0.200000]
 HFBZ       0.0188      0.0163      0.0169      0.0168  31 [-0.300000, -0.200000]
 MVF        0.0420      0.0254      0.0365      0.0391  31 [-0.300000, -0.200000]
 SF         0.0604      0.0507      0.0522      0.0516  31 [-0.300000, -0.200000]
 MVFBC      0.0571      0.0474      0.0548      0.0547  31 [-0.300000, -0.200000]
 TF         0.2838      0.2743      0.2785      0.2787  31 [-0.300000, -0.200000]
 TFBM       0.3516      0.2718      0.3040      0.2974  31 [-0.300000, -0.200000]
 BF         0.5849      0.4855      0.5011      0.4987  31 [-0.300000, -0.200000]
 BFBZ       0.5918      0.3723      0.4914      0.4992  31 [-0.300000, -0.200000]
 IF         0.0844      0.0501      0.0681      0.0708  31 [-0.300000, -0.200000]
 IF2        0.0770      0.0719      0.0733      0.0730  31 [-0.300000, -0.200000]
 ISF        0.0570      0.0543      0.0549      0.0548  31 [-0.300000, -0.200000]
-------------------------------------------------------------------------
>> STATS for tests_out/t51_test.bin
 #polynomials = 100    deg = 4     X = [0.200000 , 0.300000]
>> [EVAL_TIME]
Form         max          min         mean       median  deg         X
-------------------------------------------------------------------------
 HF         0.0041      0.0028      0.0035      0.0034   4 [0.200000, 0.300000]
 HFBZ       0.0043      0.0038      0.0039      0.0039   4 [0.200000, 0.300000]
 MVF        0.0116      0.0069      0.0077      0.0076   4 [0.200000, 0.300000]
 SF         0.0115      0.0053      0.0071      0.0063   4 [0.200000, 0.300000]
 MVFBC      0.0099      0.0058      0.0084      0.0091   4 [0.200000, 0.300000]
 TF         0.0123      0.0109      0.0111      0.0111   4 [0.200000, 0.300000]
 TFBM       0.0176      0.0133      0.0155      0.0155   4 [0.200000, 0.300000]
 BF         0.0237      0.0128      0.0199      0.0201   4 [0.200000, 0.300000]
 BFBZ       0.0214      0.0132      0.0186      0.0202   4 [0.200000, 0.300000]
 IF         0.0135      0.0083      0.0123      0.0128   4 [0.200000, 0.300000]
 IF2        0.0163      0.0151      0.0154      0.0154   4 [0.200000, 0.300000]
 ISF        0.0131      0.0119      0.0122      0.0121   4 [0.200000, 0.300000]
-------------------------------------------------------------------------
>> STATS for tests_out/t52_test.bin
 #polynomials = 100    deg = 5     X = [0.200000 , 0.300000]
>> [EVAL_TIME]
Form         max          min         mean       median  deg         X
-------------------------------------------------------------------------
 HF         0.0039      0.0033      0.0035      0.0035   5 [0.200000, 0.300000]
 HFBZ       0.0049      0.0038      0.0040      0.0040   5 [0.200000, 0.300000]
 MVF        0.0088      0.0075      0.0078      0.0077   5 [0.200000, 0.300000]
 SF         0.0114      0.0097      0.0102      0.0101   5 [0.200000, 0.300000]
 MVFBC      0.0117      0.0070      0.0105      0.0109   5 [0.200000, 0.300000]
 TF         0.0159      0.0144      0.0147      0.0146   5 [0.200000, 0.300000]
 TFBM       0.0190      0.0172      0.0176      0.0175   5 [0.200000, 0.300000]
 BF         0.0281      0.0262      0.0266      0.0266   5 [0.200000, 0.300000]
 BFBZ       0.0381      0.0270      0.0313      0.0323   5 [0.200000, 0.300000]
 IF         0.0194      0.0097      0.0161      0.0178   5 [0.200000, 0.300000]
 IF2        0.0225      0.0173      0.0203      0.0211   5 [0.200000, 0.300000]
 ISF        0.0228      0.0134      0.0139      0.0136   5 [0.200000, 0.300000]
-------------------------------------------------------------------------
>> STATS for tests_out/t53_test.bin
 #polynomials = 100    deg = 6     X = [0.200000 , 0.300000]
>> [EVAL_TIME]
Form         max          min         mean       median  deg         X
-------------------------------------------------------------------------
 HF         0.0063      0.0038      0.0040      0.0039   6 [0.200000, 0.300000]
 HFBZ       0.0058      0.0042      0.0045      0.0044   6 [0.200000, 0.300000]
 MVF        0.0108      0.0086      0.0090      0.0089   6 [0.200000, 0.300000]
 SF         0.0136      0.0112      0.0119      0.0117   6 [0.200000, 0.300000]
 MVFBC      0.0140      0.0123      0.0127      0.0126   6 [0.200000, 0.300000]
 TF         0.0210      0.0184      0.0188      0.0187   6 [0.200000, 0.300000]
 TFBM       0.0232      0.0217      0.0221      0.0220   6 [0.200000, 0.300000]
 BF         0.0356      0.0333      0.0341      0.0339   6 [0.200000, 0.300000]
 BFBZ       0.0363      0.0339      0.0345      0.0345   6 [0.200000, 0.300000]
 IF         0.0193      0.0169      0.0174      0.0173   6 [0.200000, 0.300000]
 IF2        0.0218      0.0195      0.0201      0.0199   6 [0.200000, 0.300000]
 ISF        0.0170      0.0150      0.0154      0.0153   6 [0.200000, 0.300000]
-------------------------------------------------------------------------
>> STATS for tests_out/t54_test.bin
 #polynomials = 100    deg = 7     X = [0.200000 , 0.300000]
>> [EVAL_TIME]
Form         max          min         mean       median  deg         X
-------------------------------------------------------------------------
 HF         0.0051      0.0043      0.0045      0.0045   7 [0.200000, 0.300000]
 HFBZ       0.0060      0.0047      0.0049      0.0048   7 [0.200000, 0.300000]
 MVF        0.0113      0.0098      0.0102      0.0101   7 [0.200000, 0.300000]
 SF         0.0161      0.0130      0.0135      0.0133   7 [0.200000, 0.300000]
 MVFBC      0.0158      0.0141      0.0145      0.0144   7 [0.200000, 0.300000]
 TF         0.0248      0.0232      0.0236      0.0235   7 [0.200000, 0.300000]
 TFBM       0.0295      0.0269      0.0275      0.0274   7 [0.200000, 0.300000]
 BF         0.0560      0.0413      0.0434      0.0421   7 [0.200000, 0.300000]
 BFBZ       0.0453      0.0417      0.0425      0.0423   7 [0.200000, 0.300000]
 IF         0.0208      0.0188      0.0192      0.0191   7 [0.200000, 0.300000]
 IF2        0.0357      0.0212      0.0226      0.0216   7 [0.200000, 0.300000]
 ISF        0.0201      0.0164      0.0179      0.0174   7 [0.200000, 0.300000]
-------------------------------------------------------------------------
>> STATS for tests_out/t55_test.bin
 #polynomials = 100    deg = 11    X = [0.200000 , 0.300000]
>> [EVAL_TIME]
Form         max          min         mean       median  deg         X
-------------------------------------------------------------------------
 HF         0.0081      0.0061      0.0068      0.0067  11 [0.200000, 0.300000]
 HFBZ       0.0094      0.0072      0.0079      0.0078  11 [0.200000, 0.300000]
 MVF        0.0197      0.0093      0.0153      0.0149  11 [0.200000, 0.300000]
 SF         0.0211      0.0188      0.0195      0.0193  11 [0.200000, 0.300000]
 MVFBC      0.0218      0.0206      0.0210      0.0209  11 [0.200000, 0.300000]
 TF         0.0574      0.0453      0.0488      0.0462  11 [0.200000, 0.300000]
 TFBM       0.0601      0.0499      0.0533      0.0512  11 [0.200000, 0.300000]
 BF         0.0969      0.0803      0.0874      0.0833  11 [0.200000, 0.300000]
 BFBZ       0.0968      0.0811      0.0890      0.0889  11 [0.200000, 0.300000]
 IF         0.0338      0.0270      0.0279      0.0276  11 [0.200000, 0.300000]
 IF2        0.0332      0.0292      0.0301      0.0299  11 [0.200000, 0.300000]
 ISF        0.0274      0.0222      0.0247      0.0259  11 [0.200000, 0.300000]
-------------------------------------------------------------------------
>> STATS for tests_out/t56_test.bin
 #polynomials = 100    deg = 16    X = [0.200000 , 0.300000]
>> [EVAL_TIME]
Form         max          min         mean       median  deg         X
-------------------------------------------------------------------------
 HF         0.0098      0.0083      0.0086      0.0085  16 [0.200000, 0.300000]
 HFBZ       0.0103      0.0088      0.0090      0.0090  16 [0.200000, 0.300000]
 MVF        0.0297      0.0204      0.0240      0.0239  16 [0.200000, 0.300000]
 SF         0.0330      0.0262      0.0290      0.0277  16 [0.200000, 0.300000]
 MVFBC      0.0302      0.0282      0.0288      0.0287  16 [0.200000, 0.300000]
 TF         0.0869      0.0826      0.0842      0.0842  16 [0.200000, 0.300000]
 TFBM       0.0955      0.0902      0.0918      0.0919  16 [0.200000, 0.300000]
 BF         0.1549      0.1346      0.1484      0.1486  16 [0.200000, 0.300000]
 BFBZ       0.1581      0.1368      0.1486      0.1483  16 [0.200000, 0.300000]
 IF         0.0452      0.0363      0.0394      0.0374  16 [0.200000, 0.300000]
 IF2        0.0561      0.0251      0.0405      0.0395  16 [0.200000, 0.300000]
 ISF        0.0368      0.0194      0.0348      0.0350  16 [0.200000, 0.300000]
-------------------------------------------------------------------------
>> STATS for tests_out/t57_test.bin
 #polynomials = 100    deg = 21    X = [0.200000 , 0.300000]
>> [EVAL_TIME]
Form         max          min         mean       median  deg         X
-------------------------------------------------------------------------
 HF         0.0124      0.0105      0.0108      0.0108  21 [0.200000, 0.300000]
 HFBZ       0.0122      0.0109      0.0112      0.0111  21 [0.200000, 0.300000]
 MVF        0.0310      0.0254      0.0284      0.0301  21 [0.200000, 0.300000]
 SF         0.0422      0.0219      0.0359      0.0344  21 [0.200000, 0.300000]
 MVFBC      0.0377      0.0266      0.0361      0.0362  21 [0.200000, 0.300000]
 TF         0.1367      0.1307      0.1330      0.1328  21 [0.200000, 0.300000]
 TFBM       0.1699      0.1076      0.1448      0.1435  21 [0.200000, 0.300000]
 BF         0.2803      0.1882      0.2427      0.2373  21 [0.200000, 0.300000]
 BFBZ       0.2731      0.1862      0.2391      0.2393  21 [0.200000, 0.300000]
 IF         0.0577      0.0471      0.0497      0.0479  21 [0.200000, 0.300000]
 IF2        0.0524      0.0490      0.0501      0.0500  21 [0.200000, 0.300000]
 ISF        0.0394      0.0370      0.0377      0.0376  21 [0.200000, 0.300000]
-------------------------------------------------------------------------
>> STATS for tests_out/t58_test.bin
 #polynomials = 100    deg = 26    X = [0.200000 , 0.300000]
>> [EVAL_TIME]
Form         max          min         mean       median  deg         X
-------------------------------------------------------------------------
 HF         0.0137      0.0128      0.0131      0.0131  26 [0.200000, 0.300000]
 HFBZ       0.0156      0.0133      0.0137      0.0137  26 [0.200000, 0.300000]
 MVF        0.0340      0.0311      0.0319      0.0318  26 [0.200000, 0.300000]
 SF         0.0448      0.0410      0.0419      0.0418  26 [0.200000, 0.300000]
 MVFBC      0.0536      0.0437      0.0481      0.0465  26 [0.200000, 0.300000]
 TF         0.2005      0.1793      0.1942      0.1940  26 [0.200000, 0.300000]
 TFBM       0.2133      0.1810      0.2054      0.2053  26 [0.200000, 0.300000]
 BF         0.3986      0.2647      0.3407      0.3440  26 [0.200000, 0.300000]
 BFBZ       0.4084      0.2642      0.3349      0.3425  26 [0.200000, 0.300000]
 IF         0.0667      0.0370      0.0550      0.0571  26 [0.200000, 0.300000]
 IF2        0.0624      0.0426      0.0591      0.0597  26 [0.200000, 0.300000]
 ISF        0.0465      0.0293      0.0437      0.0447  26 [0.200000, 0.300000]
-------------------------------------------------------------------------
>> STATS for tests_out/t59_test.bin
 #polynomials = 100    deg = 31    X = [0.200000 , 0.300000]
>> [EVAL_TIME]
Form         max          min         mean       median  deg         X
-------------------------------------------------------------------------
 HF         0.0161      0.0153      0.0155      0.0155  31 [0.200000, 0.300000]
 HFBZ       0.0174      0.0156      0.0162      0.0162  31 [0.200000, 0.300000]
 MVF        0.0458      0.0238      0.0386      0.0371  31 [0.200000, 0.300000]
 SF         0.0527      0.0477      0.0487      0.0485  31 [0.200000, 0.300000]
 MVFBC      0.0624      0.0392      0.0546      0.0526  31 [0.200000, 0.300000]
 TF         0.3148      0.1687      0.2182      0.1907  31 [0.200000, 0.300000]
 TFBM       0.3346      0.1812      0.2947      0.3251  31 [0.200000, 0.300000]
 BF         0.5552      0.2977      0.4035      0.4573  31 [0.200000, 0.300000]
 BFBZ       0.4710      0.2978      0.4072      0.4630  31 [0.200000, 0.300000]
 IF         0.0666      0.0652      0.0658      0.0658  31 [0.200000, 0.300000]
 IF2        0.0704      0.0437      0.0543      0.0444  31 [0.200000, 0.300000]
 ISF        0.0539      0.0514      0.0518      0.0517  31 [0.200000, 0.300000]
-------------------------------------------------------------------------
