>> STATS for tests_out/it11_test.bin
 #polynomials = 100    deg = 4     X = [-0.300000 , 0.200000]
>> [DISTANCE]
Form         max          min         mean       median  deg         X
-------------------------------------------------------------------------
 iHF        34.992       0.000      10.027       7.297   4 [-0.300000, 0.200000]
 iHFBZ      34.992       0.000      10.027       7.297   4 [-0.300000, 0.200000]
 iMVF       51.605       1.911      14.916      10.106   4 [-0.300000, 0.200000]
 iSF        29.272       0.000       6.871       3.910   4 [-0.300000, 0.200000]
 iMVFBC     30.051       0.000       3.522       0.000   4 [-0.300000, 0.200000]
 iTF        28.520       0.000       6.742       3.839   4 [-0.300000, 0.200000]
 iTFBM      12.583       0.000       2.761       1.657   4 [-0.300000, 0.200000]
 iBF         5.637       0.000       0.587       0.000   4 [-0.300000, 0.200000]
 iBFBZ       5.637       0.000       0.587       0.000   4 [-0.300000, 0.200000]
 iIF        13.721       0.429       3.539       2.551   4 [-0.300000, 0.200000]
 iIF2       11.707       0.429       3.100       2.328   4 [-0.300000, 0.200000]
 iISF        4.789       0.000       0.688       0.390   4 [-0.300000, 0.200000]
-------------------------------------------------------------------------
>> STATS for tests_out/it12_test.bin
 #polynomials = 100    deg = 5     X = [-0.300000 , 0.200000]
>> [DISTANCE]
Form         max          min         mean       median  deg         X
-------------------------------------------------------------------------
 iHF        36.711       0.084       8.943       6.914   5 [-0.300000, 0.200000]
 iHFBZ      36.711       0.084       8.943       6.914   5 [-0.300000, 0.200000]
 iMVF       55.925       2.018      12.458       9.218   5 [-0.300000, 0.200000]
 iSF        35.639       0.000       5.603       3.489   5 [-0.300000, 0.200000]
 iMVFBC     28.657       0.000       2.102       0.000   5 [-0.300000, 0.200000]
 iTF        29.498       0.000       5.431       3.480   5 [-0.300000, 0.200000]
 iTFBM      16.688       0.000       2.326       1.520   5 [-0.300000, 0.200000]
 iBF         4.568       0.000       0.238       0.000   5 [-0.300000, 0.200000]
 iBFBZ       4.568       0.000       0.238       0.000   5 [-0.300000, 0.200000]
 iIF        29.706       0.290       3.943       2.456   5 [-0.300000, 0.200000]
 iIF2       29.706       0.290       3.704       2.185   5 [-0.300000, 0.200000]
 iISF       15.138       0.000       1.055       0.209   5 [-0.300000, 0.200000]
-------------------------------------------------------------------------
>> STATS for tests_out/it13_test.bin
 #polynomials = 100    deg = 6     X = [-0.300000 , 0.200000]
>> [DISTANCE]
Form         max          min         mean       median  deg         X
-------------------------------------------------------------------------
 iHF        32.736       0.111       9.728       8.332   6 [-0.300000, 0.200000]
 iHFBZ      32.736       0.111       9.728       8.332   6 [-0.300000, 0.200000]
 iMVF       47.443       1.586      14.644      11.980   6 [-0.300000, 0.200000]
 iSF        26.302       0.035       6.569       4.348   6 [-0.300000, 0.200000]
 iMVFBC     21.180       0.000       2.577       0.000   6 [-0.300000, 0.200000]
 iTF        26.025       0.003       6.483       4.251   6 [-0.300000, 0.200000]
 iTFBM      13.004       0.000       2.882       1.783   6 [-0.300000, 0.200000]
 iBF         2.256       0.000       0.220       0.000   6 [-0.300000, 0.200000]
 iBFBZ       2.256       0.000       0.220       0.000   6 [-0.300000, 0.200000]
 iIF        15.261       0.654       3.665       2.896   6 [-0.300000, 0.200000]
 iIF2       12.486       0.654       3.414       2.685   6 [-0.300000, 0.200000]
 iISF        4.348       0.000       0.671       0.348   6 [-0.300000, 0.200000]
-------------------------------------------------------------------------
>> STATS for tests_out/it14_test.bin
 #polynomials = 100    deg = 7     X = [-0.300000 , 0.200000]
>> [DISTANCE]
Form         max          min         mean       median  deg         X
-------------------------------------------------------------------------
 iHF        35.724       0.021      12.454      11.081   7 [-0.300000, 0.200000]
 iHFBZ      35.724       0.021      12.454      11.081   7 [-0.300000, 0.200000]
 iMVF       62.767       1.665      17.201      13.030   7 [-0.300000, 0.200000]
 iSF        34.842       0.000       8.762       6.936   7 [-0.300000, 0.200000]
 iMVFBC     29.952       0.000       4.111       0.000   7 [-0.300000, 0.200000]
 iTF        34.732       0.000       8.729       7.024   7 [-0.300000, 0.200000]
 iTFBM      14.279       0.000       3.758       2.664   7 [-0.300000, 0.200000]
 iBF         3.493       0.000       0.344       0.000   7 [-0.300000, 0.200000]
 iBFBZ       3.493       0.000       0.344       0.000   7 [-0.300000, 0.200000]
 iIF        38.581       0.807       4.709       3.388   7 [-0.300000, 0.200000]
 iIF2       26.310       0.640       4.037       2.715   7 [-0.300000, 0.200000]
 iISF        8.143       0.000       1.086       0.573   7 [-0.300000, 0.200000]
-------------------------------------------------------------------------
>> STATS for tests_out/it15_test.bin
 #polynomials = 100    deg = 11    X = [-0.300000 , 0.200000]
>> [DISTANCE]
Form         max          min         mean       median  deg         X
-------------------------------------------------------------------------
 iHF        30.983       0.010      10.356       8.483  11 [-0.300000, 0.200000]
 iHFBZ      30.983       0.010      10.356       8.483  11 [-0.300000, 0.200000]
 iMVF       48.440       1.315      14.759      11.033  11 [-0.300000, 0.200000]
 iSF        30.082       0.005       6.885       4.343  11 [-0.300000, 0.200000]
 iMVFBC     28.105       0.000       2.985       0.000  11 [-0.300000, 0.200000]
 iTF        29.385       0.000       6.799       4.465  11 [-0.300000, 0.200000]
 iTFBM      14.142       0.000       2.953       2.043  11 [-0.300000, 0.200000]
 iBF         1.813       0.000       0.138       0.000  11 [-0.300000, 0.200000]
 iBFBZ       1.813       0.000       0.138       0.000  11 [-0.300000, 0.200000]
 iIF        16.552       0.408       4.065       2.793  11 [-0.300000, 0.200000]
 iIF2       16.552       0.408       3.668       2.585  11 [-0.300000, 0.200000]
 iISF        7.333       0.002       0.873       0.382  11 [-0.300000, 0.200000]
-------------------------------------------------------------------------
>> STATS for tests_out/it16_test.bin
 #polynomials = 100    deg = 16    X = [-0.300000 , 0.200000]
>> [DISTANCE]
Form         max          min         mean       median  deg         X
-------------------------------------------------------------------------
 iHF        33.648       0.135      10.399       8.399  16 [-0.300000, 0.200000]
 iHFBZ      33.648       0.135      10.399       8.399  16 [-0.300000, 0.200000]
 iMVF       51.894       2.154      14.650      10.992  16 [-0.300000, 0.200000]
 iSF        31.087       0.074       7.006       4.626  16 [-0.300000, 0.200000]
 iMVFBC     27.590       0.000       2.872       0.000  16 [-0.300000, 0.200000]
 iTF        24.790       0.006       6.840       4.449  16 [-0.300000, 0.200000]
 iTFBM      13.371       0.000       2.950       1.846  16 [-0.300000, 0.200000]
 iBF         1.269       0.000       0.099       0.000  16 [-0.300000, 0.200000]
 iBFBZ       1.269       0.000       0.099       0.000  16 [-0.300000, 0.200000]
 iIF        27.427       0.581       3.910       2.856  16 [-0.300000, 0.200000]
 iIF2       27.427       0.581       3.529       2.502  16 [-0.300000, 0.200000]
 iISF       15.131       0.000       0.881       0.389  16 [-0.300000, 0.200000]
-------------------------------------------------------------------------
>> STATS for tests_out/it17_test.bin
 #polynomials = 100    deg = 21    X = [-0.300000 , 0.200000]
>> [DISTANCE]
Form         max          min         mean       median  deg         X
-------------------------------------------------------------------------
 iHF        31.928       0.050      10.170       9.515  21 [-0.300000, 0.200000]
 iHFBZ      31.928       0.050      10.170       9.515  21 [-0.300000, 0.200000]
 iMVF       50.886       2.672      14.464      11.410  21 [-0.300000, 0.200000]
 iSF        27.369       0.016       6.274       4.772  21 [-0.300000, 0.200000]
 iMVFBC     24.069       0.000       2.536       0.000  21 [-0.300000, 0.200000]
 iTF        25.978       0.000       6.044       4.590  21 [-0.300000, 0.200000]
 iTFBM      12.165       0.000       2.559       1.924  21 [-0.300000, 0.200000]
 iBF         0.774       0.000       0.061       0.000  21 [-0.300000, 0.200000]
 iBFBZ       0.774       0.000       0.061       0.000  21 [-0.300000, 0.200000]
 iIF        21.238       0.471       3.924       2.591  21 [-0.300000, 0.200000]
 iIF2       21.238       0.431       3.630       2.591  21 [-0.300000, 0.200000]
 iISF        7.921       0.000       0.650       0.258  21 [-0.300000, 0.200000]
-------------------------------------------------------------------------
>> STATS for tests_out/it18_test.bin
 #polynomials = 100    deg = 26    X = [-0.300000 , 0.200000]
>> [DISTANCE]
Form         max          min         mean       median  deg         X
-------------------------------------------------------------------------
 iHF        35.267       0.304      10.636       9.390  26 [-0.300000, 0.200000]
 iHFBZ      35.267       0.304      10.636       9.390  26 [-0.300000, 0.200000]
 iMVF       51.251       2.355      15.524      13.528  26 [-0.300000, 0.200000]
 iSF        31.330       0.145       7.325       5.854  26 [-0.300000, 0.200000]
 iMVFBC     24.096       0.000       2.291       0.000  26 [-0.300000, 0.200000]
 iTF        29.232       0.032       7.181       5.862  26 [-0.300000, 0.200000]
 iTFBM      16.405       0.010       3.213       2.500  26 [-0.300000, 0.200000]
 iBF         0.622       0.000       0.043       0.000  26 [-0.300000, 0.200000]
 iBFBZ       0.622       0.000       0.043       0.000  26 [-0.300000, 0.200000]
 iIF        21.850       0.635       3.749       3.113  26 [-0.300000, 0.200000]
 iIF2       21.850       0.635       3.467       2.704  26 [-0.300000, 0.200000]
 iISF        9.615       0.001       0.825       0.363  26 [-0.300000, 0.200000]
-------------------------------------------------------------------------
>> STATS for tests_out/it19_test.bin
 #polynomials = 100    deg = 31    X = [-0.300000 , 0.200000]
>> [DISTANCE]
Form         max          min         mean       median  deg         X
-------------------------------------------------------------------------
 iHF        35.890       0.099      12.071      10.194  31 [-0.300000, 0.200000]
 iHFBZ      35.890       0.099      12.071      10.194  31 [-0.300000, 0.200000]
 iMVF       58.931       1.025      16.140      13.668  31 [-0.300000, 0.200000]
 iSF        36.622       0.042       7.925       5.700  31 [-0.300000, 0.200000]
 iMVFBC     33.111       0.000       3.694       0.000  31 [-0.300000, 0.200000]
 iTF        35.748       0.002       7.947       5.476  31 [-0.300000, 0.200000]
 iTFBM      17.776       0.001       3.598       2.487  31 [-0.300000, 0.200000]
 iBF         0.649       0.000       0.062       0.000  31 [-0.300000, 0.200000]
 iBFBZ       0.649       0.000       0.062       0.000  31 [-0.300000, 0.200000]
 iIF        34.506       0.765       4.675       3.057  31 [-0.300000, 0.200000]
 iIF2       34.506       0.331       4.266       2.943  31 [-0.300000, 0.200000]
 iISF       18.379       0.001       1.234       0.416  31 [-0.300000, 0.200000]
-------------------------------------------------------------------------
>> STATS for tests_out/it21_test.bin
 #polynomials = 100    deg = 4     X = [-0.150000 , 0.100000]
>> [DISTANCE]
Form         max          min         mean       median  deg         X
-------------------------------------------------------------------------
 iHF        21.755       0.003       5.189       3.915   4 [-0.150000, 0.100000]
 iHFBZ      21.755       0.003       5.189       3.915   4 [-0.150000, 0.100000]
 iMVF       23.380       0.478       5.996       4.446   4 [-0.150000, 0.100000]
 iSF        12.098       0.001       2.915       2.065   4 [-0.150000, 0.100000]
 iMVFBC     13.158       0.000       0.674       0.000   4 [-0.150000, 0.100000]
 iTF        12.249       0.000       2.910       2.051   4 [-0.150000, 0.100000]
 iTFBM       5.842       0.000       1.379       0.987   4 [-0.150000, 0.100000]
 iBF         2.123       0.000       0.105       0.000   4 [-0.150000, 0.100000]
 iBFBZ       2.123       0.000       0.105       0.000   4 [-0.150000, 0.100000]
 iIF         3.566       0.085       0.619       0.487   4 [-0.150000, 0.100000]
 iIF2        3.566       0.073       0.571       0.462   4 [-0.150000, 0.100000]
 iISF        1.908       0.000       0.168       0.061   4 [-0.150000, 0.100000]
-------------------------------------------------------------------------
>> STATS for tests_out/it22_test.bin
 #polynomials = 100    deg = 5     X = [-0.150000 , 0.100000]
>> [DISTANCE]
Form         max          min         mean       median  deg         X
-------------------------------------------------------------------------
 iHF        28.660       0.009       5.034       4.078   5 [-0.150000, 0.100000]
 iHFBZ      28.660       0.009       5.034       4.078   5 [-0.150000, 0.100000]
 iMVF       29.187       0.533       6.330       5.146   5 [-0.150000, 0.100000]
 iSF        16.222       0.004       2.933       2.106   5 [-0.150000, 0.100000]
 iMVFBC     17.696       0.000       0.883       0.000   5 [-0.150000, 0.100000]
 iTF        16.223       0.001       2.900       2.088   5 [-0.150000, 0.100000]
 iTFBM       8.426       0.000       1.344       0.992   5 [-0.150000, 0.100000]
 iBF         2.449       0.000       0.104       0.000   5 [-0.150000, 0.100000]
 iBFBZ       2.449       0.000       0.104       0.000   5 [-0.150000, 0.100000]
 iIF         3.806       0.082       0.805       0.547   5 [-0.150000, 0.100000]
 iIF2        2.459       0.082       0.722       0.535   5 [-0.150000, 0.100000]
 iISF        1.182       0.000       0.212       0.084   5 [-0.150000, 0.100000]
-------------------------------------------------------------------------
>> STATS for tests_out/it23_test.bin
 #polynomials = 100    deg = 6     X = [-0.150000 , 0.100000]
>> [DISTANCE]
Form         max          min         mean       median  deg         X
-------------------------------------------------------------------------
 iHF        13.598       0.029       3.933       3.273   6 [-0.150000, 0.100000]
 iHFBZ      13.598       0.029       3.933       3.273   6 [-0.150000, 0.100000]
 iMVF       22.212       0.355       4.762       3.938   6 [-0.150000, 0.100000]
 iSF        10.858       0.002       2.144       1.724   6 [-0.150000, 0.100000]
 iMVFBC      5.323       0.000       0.138       0.000   6 [-0.150000, 0.100000]
 iTF        10.555       0.000       2.142       1.763   6 [-0.150000, 0.100000]
 iTFBM       4.667       0.000       1.033       0.864   6 [-0.150000, 0.100000]
 iBF         0.507       0.000       0.013       0.000   6 [-0.150000, 0.100000]
 iBFBZ       0.507       0.000       0.013       0.000   6 [-0.150000, 0.100000]
 iIF         1.677       0.043       0.590       0.528   6 [-0.150000, 0.100000]
 iIF2        1.677       0.043       0.580       0.528   6 [-0.150000, 0.100000]
 iISF        0.869       0.000       0.175       0.072   6 [-0.150000, 0.100000]
-------------------------------------------------------------------------
>> STATS for tests_out/it24_test.bin
 #polynomials = 100    deg = 7     X = [-0.150000 , 0.100000]
>> [DISTANCE]
Form         max          min         mean       median  deg         X
-------------------------------------------------------------------------
 iHF        20.735       0.000       4.878       3.656   7 [-0.150000, 0.100000]
 iHFBZ      20.735       0.000       4.878       3.656   7 [-0.150000, 0.100000]
 iMVF       35.351       0.222       6.160       4.159   7 [-0.150000, 0.100000]
 iSF        19.649       0.000       2.890       1.870   7 [-0.150000, 0.100000]
 iMVFBC     11.228       0.000       0.745       0.000   7 [-0.150000, 0.100000]
 iTF        19.643       0.000       2.839       1.805   7 [-0.150000, 0.100000]
 iTFBM       9.884       0.000       1.328       0.896   7 [-0.150000, 0.100000]
 iBF         1.033       0.000       0.060       0.000   7 [-0.150000, 0.100000]
 iBFBZ       1.033       0.000       0.060       0.000   7 [-0.150000, 0.100000]
 iIF         7.394       0.052       0.842       0.440   7 [-0.150000, 0.100000]
 iIF2        7.394       0.052       0.774       0.440   7 [-0.150000, 0.100000]
 iISF        3.028       0.000       0.237       0.047   7 [-0.150000, 0.100000]
-------------------------------------------------------------------------
>> STATS for tests_out/it25_test.bin
 #polynomials = 100    deg = 11    X = [-0.150000 , 0.100000]
>> [DISTANCE]
Form         max          min         mean       median  deg         X
-------------------------------------------------------------------------
 iHF        23.541       0.027       4.567       3.016  11 [-0.150000, 0.100000]
 iHFBZ      23.541       0.027       4.567       3.016  11 [-0.150000, 0.100000]
 iMVF       27.181       0.394       5.181       3.907  11 [-0.150000, 0.100000]
 iSF        13.909       0.013       2.479       1.602  11 [-0.150000, 0.100000]
 iMVFBC     15.028       0.000       0.730       0.000  11 [-0.150000, 0.100000]
 iTF        14.217       0.003       2.483       1.539  11 [-0.150000, 0.100000]
 iTFBM       7.622       0.001       1.149       0.740  11 [-0.150000, 0.100000]
 iBF         0.827       0.000       0.030       0.000  11 [-0.150000, 0.100000]
 iBFBZ       0.827       0.000       0.030       0.000  11 [-0.150000, 0.100000]
 iIF         2.760       0.042       0.631       0.433  11 [-0.150000, 0.100000]
 iIF2        2.431       0.042       0.574       0.419  11 [-0.150000, 0.100000]
 iISF        1.271       0.000       0.173       0.040  11 [-0.150000, 0.100000]
-------------------------------------------------------------------------
>> STATS for tests_out/it26_test.bin
 #polynomials = 100    deg = 16    X = [-0.150000 , 0.100000]
>> [DISTANCE]
Form         max          min         mean       median  deg         X
-------------------------------------------------------------------------
 iHF        35.333       0.057       5.480       3.970  16 [-0.150000, 0.100000]
 iHFBZ      35.333       0.057       5.480       3.970  16 [-0.150000, 0.100000]
 iMVF       46.278       0.644       6.482       4.438  16 [-0.150000, 0.100000]
 iSF        29.984       0.010       3.317       2.036  16 [-0.150000, 0.100000]
 iMVFBC     29.763       0.000       1.129       0.000  16 [-0.150000, 0.100000]
 iTF        28.949       0.003       3.287       2.041  16 [-0.150000, 0.100000]
 iTFBM      11.907       0.001       1.504       0.931  16 [-0.150000, 0.100000]
 iBF         1.378       0.000       0.044       0.000  16 [-0.150000, 0.100000]
 iBFBZ       1.378       0.000       0.044       0.000  16 [-0.150000, 0.100000]
 iIF         7.791       0.037       0.791       0.498  16 [-0.150000, 0.100000]
 iIF2        5.177       0.037       0.680       0.476  16 [-0.150000, 0.100000]
 iISF        2.309       0.000       0.232       0.075  16 [-0.150000, 0.100000]
-------------------------------------------------------------------------
>> STATS for tests_out/it27_test.bin
 #polynomials = 100    deg = 21    X = [-0.150000 , 0.100000]
>> [DISTANCE]
Form         max          min         mean       median  deg         X
-------------------------------------------------------------------------
 iHF        25.529       0.004       5.308       3.842  21 [-0.150000, 0.100000]
 iHFBZ      25.529       0.004       5.308       3.842  21 [-0.150000, 0.100000]
 iMVF       26.763       0.161       5.816       4.356  21 [-0.150000, 0.100000]
 iSF        13.373       0.000       2.957       1.979  21 [-0.150000, 0.100000]
 iMVFBC     14.581       0.000       0.506       0.000  21 [-0.150000, 0.100000]
 iTF        13.385       0.000       2.930       1.868  21 [-0.150000, 0.100000]
 iTFBM       6.301       0.000       1.384       0.911  21 [-0.150000, 0.100000]
 iBF         0.403       0.000       0.013       0.000  21 [-0.150000, 0.100000]
 iBFBZ       0.403       0.000       0.013       0.000  21 [-0.150000, 0.100000]
 iIF         2.824       0.040       0.652       0.504  21 [-0.150000, 0.100000]
 iIF2        2.824       0.040       0.628       0.494  21 [-0.150000, 0.100000]
 iISF        1.012       0.000       0.208       0.130  21 [-0.150000, 0.100000]
-------------------------------------------------------------------------
>> STATS for tests_out/it28_test.bin
 #polynomials = 100    deg = 26    X = [-0.150000 , 0.100000]
>> [DISTANCE]
Form         max          min         mean       median  deg         X
-------------------------------------------------------------------------
 iHF        20.614       0.002       4.235       3.403  26 [-0.150000, 0.100000]
 iHFBZ      20.614       0.002       4.235       3.403  26 [-0.150000, 0.100000]
 iMVF       20.413       0.628       5.283       4.695  26 [-0.150000, 0.100000]
 iSF        11.510       0.001       2.409       1.812  26 [-0.150000, 0.100000]
 iMVFBC     12.134       0.000       0.426       0.000  26 [-0.150000, 0.100000]
 iTF        11.717       0.000       2.415       1.823  26 [-0.150000, 0.100000]
 iTFBM       6.221       0.000       1.130       0.876  26 [-0.150000, 0.100000]
 iBF         0.274       0.000       0.009       0.000  26 [-0.150000, 0.100000]
 iBFBZ       0.274       0.000       0.009       0.000  26 [-0.150000, 0.100000]
 iIF         2.896       0.062       0.588       0.521  26 [-0.150000, 0.100000]
 iIF2        2.723       0.062       0.564       0.496  26 [-0.150000, 0.100000]
 iISF        1.331       0.001       0.152       0.053  26 [-0.150000, 0.100000]
-------------------------------------------------------------------------
>> STATS for tests_out/it29_test.bin
 #polynomials = 100    deg = 31    X = [-0.150000 , 0.100000]
>> [DISTANCE]
Form         max          min         mean       median  deg         X
-------------------------------------------------------------------------
 iHF        25.299       0.017       4.895       3.443  31 [-0.150000, 0.100000]
 iHFBZ      25.299       0.017       4.895       3.443  31 [-0.150000, 0.100000]
 iMVF       31.193       0.250       5.654       4.120  31 [-0.150000, 0.100000]
 iSF        12.586       0.006       2.693       1.780  31 [-0.150000, 0.100000]
 iMVFBC     19.502       0.000       0.821       0.000  31 [-0.150000, 0.100000]
 iTF        11.035       0.000       2.661       1.854  31 [-0.150000, 0.100000]
 iTFBM       5.084       0.000       1.208       0.884  31 [-0.150000, 0.100000]
 iBF         0.327       0.000       0.013       0.000  31 [-0.150000, 0.100000]
 iBFBZ       0.327       0.000       0.013       0.000  31 [-0.150000, 0.100000]
 iIF         4.267       0.056       0.602       0.472  31 [-0.150000, 0.100000]
 iIF2        4.267       0.056       0.539       0.461  31 [-0.150000, 0.100000]
 iISF        1.802       0.000       0.171       0.061  31 [-0.150000, 0.100000]
-------------------------------------------------------------------------
>> STATS for tests_out/it31_test.bin
 #polynomials = 100    deg = 4     X = [-0.100000 , 0.100000]
>> [DISTANCE]
Form         max          min         mean       median  deg         X
-------------------------------------------------------------------------
 iHF        22.195       0.009       3.627       3.013   4 [-0.100000, 0.100000]
 iHFBZ      22.195       0.009       3.627       3.013   4 [-0.100000, 0.100000]
 iMVF       22.434       0.404       4.050       3.495   4 [-0.100000, 0.100000]
 iSF        11.555       0.005       1.933       1.617   4 [-0.100000, 0.100000]
 iMVFBC     12.986       0.000       0.529       0.000   4 [-0.100000, 0.100000]
 iTF        11.444       0.001       1.932       1.612   4 [-0.100000, 0.100000]
 iTFBM       4.075       0.001       0.885       0.781   4 [-0.100000, 0.100000]
 iBF         1.938       0.000       0.077       0.000   4 [-0.100000, 0.100000]
 iBFBZ       1.938       0.000       0.077       0.000   4 [-0.100000, 0.100000]
 iIF         3.693       0.030       0.344       0.235   4 [-0.100000, 0.100000]
 iIF2        2.352       0.030       0.309       0.227   4 [-0.100000, 0.100000]
 iISF        1.199       0.000       0.101       0.046   4 [-0.100000, 0.100000]
-------------------------------------------------------------------------
>> STATS for tests_out/it32_test.bin
 #polynomials = 100    deg = 5     X = [-0.100000 , 0.100000]
>> [DISTANCE]
Form         max          min         mean       median  deg         X
-------------------------------------------------------------------------
 iHF        14.210       0.000       3.011       2.361   5 [-0.100000, 0.100000]
 iHFBZ      14.210       0.000       3.011       2.361   5 [-0.100000, 0.100000]
 iMVF       14.155       0.260       3.309       2.518   5 [-0.100000, 0.100000]
 iSF         7.758       0.000       1.571       1.213   5 [-0.100000, 0.100000]
 iMVFBC      4.424       0.000       0.176       0.000   5 [-0.100000, 0.100000]
 iTF         7.697       0.000       1.573       1.209   5 [-0.100000, 0.100000]
 iTFBM       3.995       0.000       0.762       0.600   5 [-0.100000, 0.100000]
 iBF         0.615       0.000       0.020       0.000   5 [-0.100000, 0.100000]
 iBFBZ       0.615       0.000       0.020       0.000   5 [-0.100000, 0.100000]
 iIF         1.219       0.026       0.286       0.229   5 [-0.100000, 0.100000]
 iIF2        1.219       0.026       0.280       0.225   5 [-0.100000, 0.100000]
 iISF        0.613       0.000       0.078       0.020   5 [-0.100000, 0.100000]
-------------------------------------------------------------------------
>> STATS for tests_out/it33_test.bin
 #polynomials = 100    deg = 6     X = [-0.100000 , 0.100000]
>> [DISTANCE]
Form         max          min         mean       median  deg         X
-------------------------------------------------------------------------
 iHF        19.653       0.005       3.555       2.771   6 [-0.100000, 0.100000]
 iHFBZ      19.653       0.005       3.555       2.771   6 [-0.100000, 0.100000]
 iMVF       23.334       0.279       3.864       2.907   6 [-0.100000, 0.100000]
 iSF         8.393       0.002       1.831       1.429   6 [-0.100000, 0.100000]
 iMVFBC     13.736       0.000       0.355       0.000   6 [-0.100000, 0.100000]
 iTF         8.379       0.000       1.834       1.439   6 [-0.100000, 0.100000]
 iTFBM       3.943       0.000       0.863       0.705   6 [-0.100000, 0.100000]
 iBF         1.229       0.000       0.032       0.000   6 [-0.100000, 0.100000]
 iBFBZ       1.229       0.000       0.032       0.000   6 [-0.100000, 0.100000]
 iIF         2.298       0.022       0.310       0.219   6 [-0.100000, 0.100000]
 iIF2        1.443       0.022       0.291       0.214   6 [-0.100000, 0.100000]
 iISF        0.733       0.000       0.084       0.016   6 [-0.100000, 0.100000]
-------------------------------------------------------------------------
>> STATS for tests_out/it34_test.bin
 #polynomials = 100    deg = 7     X = [-0.100000 , 0.100000]
>> [DISTANCE]
Form         max          min         mean       median  deg         X
-------------------------------------------------------------------------
 iHF        15.036       0.023       2.894       2.526   7 [-0.100000, 0.100000]
 iHFBZ      15.036       0.023       2.894       2.526   7 [-0.100000, 0.100000]
 iMVF       15.642       0.201       3.212       2.616   7 [-0.100000, 0.100000]
 iSF         8.033       0.005       1.500       1.330   7 [-0.100000, 0.100000]
 iMVFBC      2.304       0.000       0.044       0.000   7 [-0.100000, 0.100000]
 iTF         8.034       0.000       1.503       1.333   7 [-0.100000, 0.100000]
 iTFBM       4.142       0.000       0.735       0.623   7 [-0.100000, 0.100000]
 iBF         0.196       0.000       0.004       0.000   7 [-0.100000, 0.100000]
 iBFBZ       0.196       0.000       0.004       0.000   7 [-0.100000, 0.100000]
 iIF         2.785       0.025       0.331       0.287   7 [-0.100000, 0.100000]
 iIF2        2.785       0.025       0.329       0.281   7 [-0.100000, 0.100000]
 iISF        0.804       0.000       0.091       0.021   7 [-0.100000, 0.100000]
-------------------------------------------------------------------------
>> STATS for tests_out/it35_test.bin
 #polynomials = 100    deg = 11    X = [-0.100000 , 0.100000]
>> [DISTANCE]
Form         max          min         mean       median  deg         X
-------------------------------------------------------------------------
 iHF        18.216       0.000       3.656       2.865  11 [-0.100000, 0.100000]
 iHFBZ      18.216       0.000       3.656       2.865  11 [-0.100000, 0.100000]
 iMVF       18.942       0.059       3.885       3.111  11 [-0.100000, 0.100000]
 iSF         9.773       0.000       1.835       1.508  11 [-0.100000, 0.100000]
 iMVFBC     10.899       0.000       0.396       0.000  11 [-0.100000, 0.100000]
 iTF         9.793       0.000       1.840       1.508  11 [-0.100000, 0.100000]
 iTFBM       4.871       0.000       0.856       0.734  11 [-0.100000, 0.100000]
 iBF         0.606       0.000       0.020       0.000  11 [-0.100000, 0.100000]
 iBFBZ       0.606       0.000       0.020       0.000  11 [-0.100000, 0.100000]
 iIF         1.090       0.026       0.282       0.236  11 [-0.100000, 0.100000]
 iIF2        1.090       0.026       0.264       0.210  11 [-0.100000, 0.100000]
 iISF        0.540       0.000       0.071       0.014  11 [-0.100000, 0.100000]
-------------------------------------------------------------------------
>> STATS for tests_out/it36_test.bin
 #polynomials = 100    deg = 16    X = [-0.100000 , 0.100000]
>> [DISTANCE]
Form         max          min         mean       median  deg         X
-------------------------------------------------------------------------
 iHF        19.452       0.008       3.151       2.520  16 [-0.100000, 0.100000]
 iHFBZ      19.452       0.008       3.151       2.520  16 [-0.100000, 0.100000]
 iMVF       24.474       0.110       3.450       2.711  16 [-0.100000, 0.100000]
 iSF        11.228       0.005       1.628       1.269  16 [-0.100000, 0.100000]
 iMVFBC     15.007       0.000       0.315       0.000  16 [-0.100000, 0.100000]
 iTF        11.025       0.002       1.629       1.262  16 [-0.100000, 0.100000]
 iTFBM       4.452       0.001       0.761       0.607  16 [-0.100000, 0.100000]
 iBF         0.575       0.000       0.010       0.000  16 [-0.100000, 0.100000]
 iBFBZ       0.575       0.000       0.010       0.000  16 [-0.100000, 0.100000]
 iIF         1.228       0.028       0.311       0.239  16 [-0.100000, 0.100000]
 iIF2        1.221       0.028       0.297       0.235  16 [-0.100000, 0.100000]
 iISF        0.587       0.000       0.087       0.018  16 [-0.100000, 0.100000]
-------------------------------------------------------------------------
>> STATS for tests_out/it37_test.bin
 #polynomials = 100    deg = 21    X = [-0.100000 , 0.100000]
>> [DISTANCE]
Form         max          min         mean       median  deg         X
-------------------------------------------------------------------------
 iHF        22.941       0.004       3.715       2.982  21 [-0.100000, 0.100000]
 iHFBZ      22.941       0.004       3.715       2.982  21 [-0.100000, 0.100000]
 iMVF       28.342       0.133       4.016       3.179  21 [-0.100000, 0.100000]
 iSF        11.775       0.002       1.920       1.508  21 [-0.100000, 0.100000]
 iMVFBC     17.046       0.000       0.371       0.000  21 [-0.100000, 0.100000]
 iTF        11.775       0.000       1.923       1.499  21 [-0.100000, 0.100000]
 iTFBM       3.895       0.000       0.875       0.734  21 [-0.100000, 0.100000]
 iBF         0.445       0.000       0.009       0.000  21 [-0.100000, 0.100000]
 iBFBZ       0.445       0.000       0.009       0.000  21 [-0.100000, 0.100000]
 iIF         2.340       0.017       0.328       0.267  21 [-0.100000, 0.100000]
 iIF2        2.121       0.017       0.306       0.258  21 [-0.100000, 0.100000]
 iISF        1.066       0.000       0.093       0.027  21 [-0.100000, 0.100000]
-------------------------------------------------------------------------
>> STATS for tests_out/it38_test.bin
 #polynomials = 100    deg = 26    X = [-0.100000 , 0.100000]
>> [DISTANCE]
Form         max          min         mean       median  deg         X
-------------------------------------------------------------------------
 iHF        13.985       0.024       3.372       2.537  26 [-0.100000, 0.100000]
 iHFBZ      13.985       0.024       3.372       2.537  26 [-0.100000, 0.100000]
 iMVF       14.161       0.279       3.784       2.970  26 [-0.100000, 0.100000]
 iSF         7.819       0.009       1.814       1.370  26 [-0.100000, 0.100000]
 iMVFBC      7.294       0.000       0.266       0.000  26 [-0.100000, 0.100000]
 iTF         7.913       0.002       1.821       1.398  26 [-0.100000, 0.100000]
 iTFBM       4.104       0.001       0.872       0.700  26 [-0.100000, 0.100000]
 iBF         0.157       0.000       0.005       0.000  26 [-0.100000, 0.100000]
 iBFBZ       0.157       0.000       0.005       0.000  26 [-0.100000, 0.100000]
 iIF         3.523       0.028       0.360       0.225  26 [-0.100000, 0.100000]
 iIF2        3.523       0.028       0.353       0.213  26 [-0.100000, 0.100000]
 iISF        1.802       0.000       0.117       0.022  26 [-0.100000, 0.100000]
-------------------------------------------------------------------------
>> STATS for tests_out/it39_test.bin
 #polynomials = 100    deg = 31    X = [-0.100000 , 0.100000]
>> [DISTANCE]
Form         max          min         mean       median  deg         X
-------------------------------------------------------------------------
 iHF        11.624       0.010       3.389       3.132  31 [-0.100000, 0.100000]
 iHFBZ      11.624       0.010       3.389       3.132  31 [-0.100000, 0.100000]
 iMVF       13.324       0.222       3.712       3.304  31 [-0.100000, 0.100000]
 iSF         6.554       0.003       1.700       1.547  31 [-0.100000, 0.100000]
 iMVFBC      7.039       0.000       0.342       0.000  31 [-0.100000, 0.100000]
 iTF         6.524       0.000       1.697       1.550  31 [-0.100000, 0.100000]
 iTFBM       3.369       0.000       0.801       0.727  31 [-0.100000, 0.100000]
 iBF         0.093       0.000       0.005       0.000  31 [-0.100000, 0.100000]
 iBFBZ       0.093       0.000       0.005       0.000  31 [-0.100000, 0.100000]
 iIF         2.017       0.028       0.332       0.235  31 [-0.100000, 0.100000]
 iIF2        2.017       0.028       0.314       0.235  31 [-0.100000, 0.100000]
 iISF        1.027       0.000       0.076       0.016  31 [-0.100000, 0.100000]
-------------------------------------------------------------------------
>> STATS for tests_out/it41_test.bin
 #polynomials = 100    deg = 4     X = [-0.300000 , -0.200000]
>> [DISTANCE]
Form         max          min         mean       median  deg         X
-------------------------------------------------------------------------
 iHF        65.451       0.000       9.982       3.657   4 [-0.300000, -0.200000]
 iHFBZ      65.451       0.000       9.982       3.657   4 [-0.300000, -0.200000]
 iMVF       39.982       0.506       7.266       6.498   4 [-0.300000, -0.200000]
 iSF        22.816       0.103       3.399       2.860   4 [-0.300000, -0.200000]
 iMVFBC     20.346       0.000       0.600       0.000   4 [-0.300000, -0.200000]
 iTF        22.485       0.004       3.123       2.339   4 [-0.300000, -0.200000]
 iTFBM      11.100       0.002       1.524       1.159   4 [-0.300000, -0.200000]
 iBF         3.609       0.000       0.082       0.000   4 [-0.300000, -0.200000]
 iBFBZ       3.609       0.000       0.082       0.000   4 [-0.300000, -0.200000]
 iIF         2.464       0.063       0.507       0.394   4 [-0.300000, -0.200000]
 iIF2        1.809       0.063       0.480       0.391   4 [-0.300000, -0.200000]
 iISF        0.912       0.000       0.122       0.036   4 [-0.300000, -0.200000]
-------------------------------------------------------------------------
>> STATS for tests_out/it42_test.bin
 #polynomials = 100    deg = 5     X = [-0.300000 , -0.200000]
>> [DISTANCE]
Form         max          min         mean       median  deg         X
-------------------------------------------------------------------------
 iHF        51.531       0.000       8.798       4.825   5 [-0.300000, -0.200000]
 iHFBZ      51.531       0.000       8.798       4.825   5 [-0.300000, -0.200000]
 iMVF       21.708       0.612       6.018       5.245   5 [-0.300000, -0.200000]
 iSF        12.089       0.096       2.625       2.132   5 [-0.300000, -0.200000]
 iMVFBC      4.828       0.000       0.214       0.000   5 [-0.300000, -0.200000]
 iTF        13.264       0.000       2.326       1.767   5 [-0.300000, -0.200000]
 iTFBM       7.095       0.000       1.149       0.872   5 [-0.300000, -0.200000]
 iBF         0.306       0.000       0.004       0.000   5 [-0.300000, -0.200000]
 iBFBZ       0.306       0.000       0.004       0.000   5 [-0.300000, -0.200000]
 iIF         3.074       0.083       0.618       0.450   5 [-0.300000, -0.200000]
 iIF2        3.074       0.083       0.613       0.450   5 [-0.300000, -0.200000]
 iISF        1.538       0.000       0.167       0.063   5 [-0.300000, -0.200000]
-------------------------------------------------------------------------
>> STATS for tests_out/it43_test.bin
 #polynomials = 100    deg = 6     X = [-0.300000 , -0.200000]
>> [DISTANCE]
Form         max          min         mean       median  deg         X
-------------------------------------------------------------------------
 iHF        56.571       0.000      11.133       5.621   6 [-0.300000, -0.200000]
 iHFBZ      56.571       0.000      11.133       5.621   6 [-0.300000, -0.200000]
 iMVF       28.613       0.901       6.387       5.261   6 [-0.300000, -0.200000]
 iSF        13.871       0.242       2.758       2.242   6 [-0.300000, -0.200000]
 iMVFBC     14.921       0.000       0.771       0.000   6 [-0.300000, -0.200000]
 iTF        12.609       0.001       2.362       1.654   6 [-0.300000, -0.200000]
 iTFBM       5.357       0.000       1.086       0.763   6 [-0.300000, -0.200000]
 iBF         1.472       0.000       0.050       0.000   6 [-0.300000, -0.200000]
 iBFBZ       1.472       0.000       0.050       0.000   6 [-0.300000, -0.200000]
 iIF         2.049       0.122       0.604       0.493   6 [-0.300000, -0.200000]
 iIF2        2.049       0.122       0.573       0.484   6 [-0.300000, -0.200000]
 iISF        0.683       0.000       0.140       0.056   6 [-0.300000, -0.200000]
-------------------------------------------------------------------------
>> STATS for tests_out/it44_test.bin
 #polynomials = 100    deg = 7     X = [-0.300000 , -0.200000]
>> [DISTANCE]
Form         max          min         mean       median  deg         X
-------------------------------------------------------------------------
 iHF        38.179       0.000      10.138       4.901   7 [-0.300000, -0.200000]
 iHFBZ      38.179       0.000      10.138       4.901   7 [-0.300000, -0.200000]
 iMVF       18.415       1.106       6.926       6.685   7 [-0.300000, -0.200000]
 iSF         9.097       0.395       3.078       2.937   7 [-0.300000, -0.200000]
 iMVFBC      6.714       0.000       0.382       0.000   7 [-0.300000, -0.200000]
 iTF         8.012       0.054       2.695       2.365   7 [-0.300000, -0.200000]
 iTFBM       4.167       0.004       1.314       1.137   7 [-0.300000, -0.200000]
 iBF         0.530       0.000       0.014       0.000   7 [-0.300000, -0.200000]
 iBFBZ       0.530       0.000       0.014       0.000   7 [-0.300000, -0.200000]
 iIF         3.422       0.090       0.601       0.509   7 [-0.300000, -0.200000]
 iIF2        3.422       0.090       0.590       0.502   7 [-0.300000, -0.200000]
 iISF        1.305       0.000       0.148       0.055   7 [-0.300000, -0.200000]
-------------------------------------------------------------------------
>> STATS for tests_out/it45_test.bin
 #polynomials = 100    deg = 11    X = [-0.300000 , -0.200000]
>> [DISTANCE]
Form         max          min         mean       median  deg         X
-------------------------------------------------------------------------
 iHF        48.018       0.000       9.103       5.239  11 [-0.300000, -0.200000]
 iHFBZ      48.018       0.000       9.103       5.239  11 [-0.300000, -0.200000]
 iMVF       19.580       0.885       6.196       5.407  11 [-0.300000, -0.200000]
 iSF         9.485       0.201       2.665       2.250  11 [-0.300000, -0.200000]
 iMVFBC     12.153       0.000       0.529       0.000  11 [-0.300000, -0.200000]
 iTF         9.930       0.001       2.264       1.906  11 [-0.300000, -0.200000]
 iTFBM       4.561       0.000       1.091       0.891  11 [-0.300000, -0.200000]
 iBF         0.472       0.000       0.015       0.000  11 [-0.300000, -0.200000]
 iBFBZ       0.472       0.000       0.015       0.000  11 [-0.300000, -0.200000]
 iIF         2.804       0.080       0.634       0.473  11 [-0.300000, -0.200000]
 iIF2        2.804       0.080       0.606       0.463  11 [-0.300000, -0.200000]
 iISF        1.363       0.000       0.163       0.053  11 [-0.300000, -0.200000]
-------------------------------------------------------------------------
>> STATS for tests_out/it46_test.bin
 #polynomials = 100    deg = 16    X = [-0.300000 , -0.200000]
>> [DISTANCE]
Form         max          min         mean       median  deg         X
-------------------------------------------------------------------------
 iHF        53.001       0.003      11.824       7.356  16 [-0.300000, -0.200000]
 iHFBZ      53.001       0.003      11.824       7.356  16 [-0.300000, -0.200000]
 iMVF       25.251       0.867       6.350       5.342  16 [-0.300000, -0.200000]
 iSF        10.192       0.179       2.777       2.279  16 [-0.300000, -0.200000]
 iMVFBC     17.901       0.000       0.452       0.000  16 [-0.300000, -0.200000]
 iTF        10.189       0.001       2.391       1.907  16 [-0.300000, -0.200000]
 iTFBM       4.487       0.000       1.146       0.955  16 [-0.300000, -0.200000]
 iBF         0.583       0.000       0.008       0.000  16 [-0.300000, -0.200000]
 iBFBZ       0.583       0.000       0.008       0.000  16 [-0.300000, -0.200000]
 iIF         3.460       0.111       0.742       0.568  16 [-0.300000, -0.200000]
 iIF2        2.701       0.111       0.721       0.568  16 [-0.300000, -0.200000]
 iISF        1.344       0.000       0.224       0.116  16 [-0.300000, -0.200000]
-------------------------------------------------------------------------
>> STATS for tests_out/it47_test.bin
 #polynomials = 100    deg = 21    X = [-0.300000 , -0.200000]
>> [DISTANCE]
Form         max          min         mean       median  deg         X
-------------------------------------------------------------------------
 iHF        73.509       0.000       9.545       5.975  21 [-0.300000, -0.200000]
 iHFBZ      73.509       0.000       9.545       5.975  21 [-0.300000, -0.200000]
 iMVF       37.523       1.204       6.436       5.567  21 [-0.300000, -0.200000]
 iSF        22.086       0.155       2.837       2.459  21 [-0.300000, -0.200000]
 iMVFBC     22.822       0.000       0.471       0.000  21 [-0.300000, -0.200000]
 iTF        21.780       0.002       2.524       2.009  21 [-0.300000, -0.200000]
 iTFBM      12.186       0.001       1.231       1.005  21 [-0.300000, -0.200000]
 iBF         0.566       0.000       0.007       0.000  21 [-0.300000, -0.200000]
 iBFBZ       0.566       0.000       0.007       0.000  21 [-0.300000, -0.200000]
 iIF         2.899       0.167       0.715       0.578  21 [-0.300000, -0.200000]
 iIF2        2.899       0.167       0.696       0.578  21 [-0.300000, -0.200000]
 iISF        1.346       0.000       0.183       0.075  21 [-0.300000, -0.200000]
-------------------------------------------------------------------------
>> STATS for tests_out/it48_test.bin
 #polynomials = 100    deg = 26    X = [-0.300000 , -0.200000]
>> [DISTANCE]
Form         max          min         mean       median  deg         X
-------------------------------------------------------------------------
 iHF        50.396       0.000       7.688       2.943  26 [-0.300000, -0.200000]
 iHFBZ      50.396       0.000       7.688       2.943  26 [-0.300000, -0.200000]
 iMVF       19.752       0.922       6.079       5.490  26 [-0.300000, -0.200000]
 iSF        10.028       0.260       2.596       2.320  26 [-0.300000, -0.200000]
 iMVFBC     13.991       0.000       0.412       0.000  26 [-0.300000, -0.200000]
 iTF        10.022       0.012       2.309       2.102  26 [-0.300000, -0.200000]
 iTFBM       4.862       0.006       1.082       0.820  26 [-0.300000, -0.200000]
 iBF         0.191       0.000       0.006       0.000  26 [-0.300000, -0.200000]
 iBFBZ       0.191       0.000       0.006       0.000  26 [-0.300000, -0.200000]
 iIF         1.884       0.113       0.599       0.515  26 [-0.300000, -0.200000]
 iIF2        1.884       0.113       0.580       0.491  26 [-0.300000, -0.200000]
 iISF        0.931       0.000       0.110       0.028  26 [-0.300000, -0.200000]
-------------------------------------------------------------------------
>> STATS for tests_out/it49_test.bin
 #polynomials = 100    deg = 31    X = [-0.300000 , -0.200000]
>> [DISTANCE]
Form         max          min         mean       median  deg         X
-------------------------------------------------------------------------
 iHF        61.642       0.000      12.424       8.152  31 [-0.300000, -0.200000]
 iHFBZ      61.642       0.000      12.424       8.152  31 [-0.300000, -0.200000]
 iMVF       26.732       0.776       6.686       5.807  31 [-0.300000, -0.200000]
 iSF        15.514       0.072       2.964       2.614  31 [-0.300000, -0.200000]
 iMVFBC      7.019       0.000       0.512       0.000  31 [-0.300000, -0.200000]
 iTF        16.838       0.018       2.626       2.226  31 [-0.300000, -0.200000]
 iTFBM       9.167       0.000       1.282       1.088  31 [-0.300000, -0.200000]
 iBF         0.107       0.000       0.003       0.000  31 [-0.300000, -0.200000]
 iBFBZ       0.107       0.000       0.003       0.000  31 [-0.300000, -0.200000]
 iIF         3.685       0.146       0.757       0.600  31 [-0.300000, -0.200000]
 iIF2        3.685       0.146       0.746       0.580  31 [-0.300000, -0.200000]
 iISF        1.849       0.000       0.227       0.074  31 [-0.300000, -0.200000]
-------------------------------------------------------------------------
>> STATS for tests_out/it51_test.bin
 #polynomials = 100    deg = 4     X = [0.200000 , 0.300000]
>> [DISTANCE]
Form         max          min         mean       median  deg         X
-------------------------------------------------------------------------
 iHF        45.229       0.000       9.889       5.296   4 [0.200000, 0.300000]
 iHFBZ      45.229       0.000       9.889       5.296   4 [0.200000, 0.300000]
 iMVF       16.309       0.788       5.879       5.171   4 [0.200000, 0.300000]
 iSF         9.064       0.258       2.599       2.141   4 [0.200000, 0.300000]
 iMVFBC      8.878       0.000       0.252       0.000   4 [0.200000, 0.300000]
 iTF        10.012       0.004       2.286       1.610   4 [0.200000, 0.300000]
 iTFBM       5.258       0.002       1.134       0.801   4 [0.200000, 0.300000]
 iBF         0.790       0.000       0.019       0.000   4 [0.200000, 0.300000]
 iBFBZ       0.790       0.000       0.019       0.000   4 [0.200000, 0.300000]
 iIF         3.362       0.055       0.557       0.414   4 [0.200000, 0.300000]
 iIF2        3.362       0.055       0.549       0.414   4 [0.200000, 0.300000]
 iISF        1.709       0.000       0.178       0.059   4 [0.200000, 0.300000]
-------------------------------------------------------------------------
>> STATS for tests_out/it52_test.bin
 #polynomials = 100    deg = 5     X = [0.200000 , 0.300000]
>> [DISTANCE]
Form         max          min         mean       median  deg         X
-------------------------------------------------------------------------
 iHF        35.835       0.000       7.550       4.442   5 [0.200000, 0.300000]
 iHFBZ      35.835       0.000       7.550       4.442   5 [0.200000, 0.300000]
 iMVF       19.613       1.108       5.632       4.981   5 [0.200000, 0.300000]
 iSF         7.716       0.174       2.379       2.068   5 [0.200000, 0.300000]
 iMVFBC      4.096       0.000       0.098       0.000   5 [0.200000, 0.300000]
 iTF         7.373       0.002       2.029       1.944   5 [0.200000, 0.300000]
 iTFBM       3.810       0.001       0.986       0.887   5 [0.200000, 0.300000]
 iBF         0.213       0.000       0.002       0.000   5 [0.200000, 0.300000]
 iBFBZ       0.213       0.000       0.002       0.000   5 [0.200000, 0.300000]
 iIF         4.474       0.110       0.599       0.464   5 [0.200000, 0.300000]
 iIF2        4.474       0.110       0.599       0.464   5 [0.200000, 0.300000]
 iISF        2.281       0.000       0.152       0.032   5 [0.200000, 0.300000]
-------------------------------------------------------------------------
>> STATS for tests_out/it53_test.bin
 #polynomials = 100    deg = 6     X = [0.200000 , 0.300000]
>> [DISTANCE]
Form         max          min         mean       median  deg         X
-------------------------------------------------------------------------
 iHF        50.021       0.000      12.469       7.072   6 [0.200000, 0.300000]
 iHFBZ      50.021       0.000      12.469       7.072   6 [0.200000, 0.300000]
 iMVF       22.776       0.600       7.227       6.579   6 [0.200000, 0.300000]
 iSF        13.022       0.092       3.266       2.838   6 [0.200000, 0.300000]
 iMVFBC      8.292       0.000       0.569       0.000   6 [0.200000, 0.300000]
 iTF        15.208       0.015       2.957       2.613   6 [0.200000, 0.300000]
 iTFBM       8.204       0.000       1.441       1.254   6 [0.200000, 0.300000]
 iBF         0.704       0.000       0.028       0.000   6 [0.200000, 0.300000]
 iBFBZ       0.704       0.000       0.028       0.000   6 [0.200000, 0.300000]
 iIF         5.888       0.130       0.698       0.544   6 [0.200000, 0.300000]
 iIF2        5.888       0.130       0.683       0.518   6 [0.200000, 0.300000]
 iISF        2.923       0.000       0.188       0.056   6 [0.200000, 0.300000]
-------------------------------------------------------------------------
>> STATS for tests_out/it54_test.bin
 #polynomials = 100    deg = 7     X = [0.200000 , 0.300000]
>> [DISTANCE]
Form         max          min         mean       median  deg         X
-------------------------------------------------------------------------
 iHF        45.701       0.000       9.749       4.516   7 [0.200000, 0.300000]
 iHFBZ      45.701       0.000       9.749       4.516   7 [0.200000, 0.300000]
 iMVF       18.174       0.796       5.924       5.259   7 [0.200000, 0.300000]
 iSF         9.510       0.056       2.534       2.002   7 [0.200000, 0.300000]
 iMVFBC      8.510       0.000       0.334       0.000   7 [0.200000, 0.300000]
 iTF         9.580       0.003       2.116       1.528   7 [0.200000, 0.300000]
 iTFBM       5.029       0.001       1.036       0.726   7 [0.200000, 0.300000]
 iBF         0.275       0.000       0.004       0.000   7 [0.200000, 0.300000]
 iBFBZ       0.275       0.000       0.004       0.000   7 [0.200000, 0.300000]
 iIF         2.260       0.095       0.618       0.485   7 [0.200000, 0.300000]
 iIF2        2.260       0.095       0.611       0.485   7 [0.200000, 0.300000]
 iISF        1.071       0.000       0.144       0.073   7 [0.200000, 0.300000]
-------------------------------------------------------------------------
>> STATS for tests_out/it55_test.bin
 #polynomials = 100    deg = 11    X = [0.200000 , 0.300000]
>> [DISTANCE]
Form         max          min         mean       median  deg         X
-------------------------------------------------------------------------
 iHF        54.965       0.038      14.451       8.822  11 [0.200000, 0.300000]
 iHFBZ      54.965       0.038      14.451       8.822  11 [0.200000, 0.300000]
 iMVF       25.517       0.950       7.108       6.163  11 [0.200000, 0.300000]
 iSF        15.268       0.176       3.110       2.380  11 [0.200000, 0.300000]
 iMVFBC     14.464       0.000       0.875       0.000  11 [0.200000, 0.300000]
 iTF        17.532       0.004       2.701       2.147  11 [0.200000, 0.300000]
 iTFBM       9.336       0.002       1.296       0.999  11 [0.200000, 0.300000]
 iBF         0.536       0.000       0.022       0.000  11 [0.200000, 0.300000]
 iBFBZ       0.536       0.000       0.022       0.000  11 [0.200000, 0.300000]
 iIF         5.982       0.138       0.773       0.617  11 [0.200000, 0.300000]
 iIF2        5.737       0.138       0.737       0.580  11 [0.200000, 0.300000]
 iISF        2.635       0.000       0.201       0.075  11 [0.200000, 0.300000]
-------------------------------------------------------------------------
>> STATS for tests_out/it56_test.bin
 #polynomials = 100    deg = 16    X = [0.200000 , 0.300000]
>> [DISTANCE]
Form         max          min         mean       median  deg         X
-------------------------------------------------------------------------
 iHF        52.958       0.000      10.507       6.867  16 [0.200000, 0.300000]
 iHFBZ      52.958       0.000      10.507       6.867  16 [0.200000, 0.300000]
 iMVF       21.399       0.685       6.446       5.819  16 [0.200000, 0.300000]
 iSF        10.871       0.142       2.855       2.463  16 [0.200000, 0.300000]
 iMVFBC      6.659       0.000       0.350       0.000  16 [0.200000, 0.300000]
 iTF        11.629       0.023       2.482       1.902  16 [0.200000, 0.300000]
 iTFBM       6.150       0.003       1.209       0.918  16 [0.200000, 0.300000]
 iBF         0.187       0.000       0.006       0.000  16 [0.200000, 0.300000]
 iBFBZ       0.187       0.000       0.006       0.000  16 [0.200000, 0.300000]
 iIF         2.395       0.146       0.700       0.567  16 [0.200000, 0.300000]
 iIF2        2.395       0.146       0.689       0.539  16 [0.200000, 0.300000]
 iISF        1.145       0.000       0.207       0.090  16 [0.200000, 0.300000]
-------------------------------------------------------------------------
>> STATS for tests_out/it57_test.bin
 #polynomials = 100    deg = 21    X = [0.200000 , 0.300000]
>> [DISTANCE]
Form         max          min         mean       median  deg         X
-------------------------------------------------------------------------
 iHF        53.766       0.000      11.891       6.212  21 [0.200000, 0.300000]
 iHFBZ      53.766       0.000      11.891       6.212  21 [0.200000, 0.300000]
 iMVF       26.118       1.499       6.628       6.057  21 [0.200000, 0.300000]
 iSF        11.449       0.293       2.862       2.510  21 [0.200000, 0.300000]
 iMVFBC     16.325       0.000       0.680       0.000  21 [0.200000, 0.300000]
 iTF        11.434       0.001       2.411       1.903  21 [0.200000, 0.300000]
 iTFBM       5.033       0.000       1.120       0.897  21 [0.200000, 0.300000]
 iBF         0.459       0.000       0.013       0.000  21 [0.200000, 0.300000]
 iBFBZ       0.459       0.000       0.013       0.000  21 [0.200000, 0.300000]
 iIF         2.596       0.130       0.645       0.498  21 [0.200000, 0.300000]
 iIF2        2.326       0.130       0.607       0.498  21 [0.200000, 0.300000]
 iISF        1.029       0.000       0.156       0.070  21 [0.200000, 0.300000]
-------------------------------------------------------------------------
>> STATS for tests_out/it58_test.bin
 #polynomials = 100    deg = 26    X = [0.200000 , 0.300000]
>> [DISTANCE]
Form         max          min         mean       median  deg         X
-------------------------------------------------------------------------
 iHF        55.409       0.004      10.697       7.224  26 [0.200000, 0.300000]
 iHFBZ      55.409       0.004      10.697       7.224  26 [0.200000, 0.300000]
 iMVF       21.028       1.393       6.838       6.423  26 [0.200000, 0.300000]
 iSF        11.607       0.330       2.974       2.452  26 [0.200000, 0.300000]
 iMVFBC      6.805       0.000       0.392       0.000  26 [0.200000, 0.300000]
 iTF        12.253       0.002       2.586       2.227  26 [0.200000, 0.300000]
 iTFBM       6.515       0.001       1.279       1.076  26 [0.200000, 0.300000]
 iBF         0.020       0.000       0.000       0.000  26 [0.200000, 0.300000]
 iBFBZ       0.020       0.000       0.000       0.000  26 [0.200000, 0.300000]
 iIF         2.417       0.175       0.703       0.547  26 [0.200000, 0.300000]
 iIF2        2.417       0.175       0.699       0.547  26 [0.200000, 0.300000]
 iISF        1.173       0.000       0.161       0.043  26 [0.200000, 0.300000]
-------------------------------------------------------------------------
>> STATS for tests_out/it59_test.bin
 #polynomials = 100    deg = 31    X = [0.200000 , 0.300000]
>> [DISTANCE]
Form         max          min         mean       median  deg         X
-------------------------------------------------------------------------
 iHF        55.310       0.003      12.293       7.046  31 [0.200000, 0.300000]
 iHFBZ      55.310       0.003      12.293       7.046  31 [0.200000, 0.300000]
 iMVF       25.675       1.128       7.151       5.648  31 [0.200000, 0.300000]
 iSF        12.716       0.259       3.119       2.362  31 [0.200000, 0.300000]
 iMVFBC     16.373       0.000       0.700       0.000  31 [0.200000, 0.300000]
 iTF        12.572       0.016       2.731       2.154  31 [0.200000, 0.300000]
 iTFBM       5.709       0.008       1.296       1.000  31 [0.200000, 0.300000]
 iBF         0.289       0.000       0.007       0.000  31 [0.200000, 0.300000]
 iBFBZ       0.289       0.000       0.007       0.000  31 [0.200000, 0.300000]
 iIF         3.812       0.093       0.755       0.518  31 [0.200000, 0.300000]
 iIF2        3.812       0.093       0.717       0.518  31 [0.200000, 0.300000]
 iISF        1.398       0.000       0.189       0.074  31 [0.200000, 0.300000]
-------------------------------------------------------------------------
