>> STATS for tests_out/iu11_test.bin
 #polynomials = 100    deg = 4     X = [-0.030000 , 0.020000]
>> [DISTANCE]
Form         max          min         mean       median  deg         X
-------------------------------------------------------------------------
 iHF         5.372       0.000       0.480       0.275   4 [-0.030000, 0.020000]
 iHFBZ       5.372       0.000       0.480       0.275   4 [-0.030000, 0.020000]
 iMVF        5.540       0.016       0.516       0.327   4 [-0.030000, 0.020000]
 iSF         2.658       0.000       0.243       0.139   4 [-0.030000, 0.020000]
 iMVFBC      1.985       0.000       0.026       0.000   4 [-0.030000, 0.020000]
 iTF         2.685       0.000       0.243       0.140   4 [-0.030000, 0.020000]
 iTFBM       1.229       0.000       0.119       0.069   4 [-0.030000, 0.020000]
 iBF         0.373       0.000       0.005       0.000   4 [-0.030000, 0.020000]
 iBFBZ       0.373       0.000       0.005       0.000   4 [-0.030000, 0.020000]
 iIF         0.077       0.001       0.010       0.007   4 [-0.030000, 0.020000]
 iIF2        0.051       0.001       0.009       0.007   4 [-0.030000, 0.020000]
 iISF        0.019       0.000       0.003       0.000   4 [-0.030000, 0.020000]
-------------------------------------------------------------------------
>> STATS for tests_out/iu12_test.bin
 #polynomials = 100    deg = 5     X = [-0.030000 , 0.020000]
>> [DISTANCE]
Form         max          min         mean       median  deg         X
-------------------------------------------------------------------------
 iHF         4.423       0.001       0.516       0.301   5 [-0.030000, 0.020000]
 iHFBZ       4.423       0.001       0.516       0.301   5 [-0.030000, 0.020000]
 iMVF        3.912       0.014       0.534       0.350   5 [-0.030000, 0.020000]
 iSF         2.232       0.000       0.259       0.145   5 [-0.030000, 0.020000]
 iMVFBC      0.576       0.000       0.006       0.000   5 [-0.030000, 0.020000]
 iTF         2.232       0.000       0.259       0.145   5 [-0.030000, 0.020000]
 iTFBM       1.113       0.000       0.128       0.070   5 [-0.030000, 0.020000]
 iBF         0.028       0.000       0.000       0.000   5 [-0.030000, 0.020000]
 iBFBZ       0.028       0.000       0.000       0.000   5 [-0.030000, 0.020000]
 iIF         0.057       0.001       0.012       0.008   5 [-0.030000, 0.020000]
 iIF2        0.057       0.001       0.012       0.008   5 [-0.030000, 0.020000]
 iISF        0.029       0.000       0.003       0.000   5 [-0.030000, 0.020000]
-------------------------------------------------------------------------
>> STATS for tests_out/iu13_test.bin
 #polynomials = 100    deg = 6     X = [-0.030000 , 0.020000]
>> [DISTANCE]
Form         max          min         mean       median  deg         X
-------------------------------------------------------------------------
 iHF         4.078       0.000       0.455       0.353   6 [-0.030000, 0.020000]
 iHFBZ       4.078       0.000       0.455       0.353   6 [-0.030000, 0.020000]
 iMVF        3.560       0.008       0.478       0.393   6 [-0.030000, 0.020000]
 iSF         2.066       0.000       0.229       0.180   6 [-0.030000, 0.020000]
 iMVFBC      0.000       0.000       0.000       0.000   6 [-0.030000, 0.020000]
 iTF         2.066       0.000       0.229       0.182   6 [-0.030000, 0.020000]
 iTFBM       1.036       0.000       0.114       0.091   6 [-0.030000, 0.020000]
 iBF         0.000       0.000       0.000       0.000   6 [-0.030000, 0.020000]
 iBFBZ       0.000       0.000       0.000       0.000   6 [-0.030000, 0.020000]
 iIF         0.050       0.000       0.010       0.007   6 [-0.030000, 0.020000]
 iIF2        0.050       0.000       0.010       0.007   6 [-0.030000, 0.020000]
 iISF        0.025       0.000       0.003       0.000   6 [-0.030000, 0.020000]
-------------------------------------------------------------------------
>> STATS for tests_out/iu14_test.bin
 #polynomials = 100    deg = 7     X = [-0.030000 , 0.020000]
>> [DISTANCE]
Form         max          min         mean       median  deg         X
-------------------------------------------------------------------------
 iHF         6.203       0.000       0.499       0.309   7 [-0.030000, 0.020000]
 iHFBZ       6.203       0.000       0.499       0.309   7 [-0.030000, 0.020000]
 iMVF        5.421       0.005       0.518       0.341   7 [-0.030000, 0.020000]
 iSF         3.224       0.000       0.253       0.155   7 [-0.030000, 0.020000]
 iMVFBC      0.000       0.000       0.000       0.000   7 [-0.030000, 0.020000]
 iTF         3.240       0.000       0.253       0.155   7 [-0.030000, 0.020000]
 iTFBM       1.646       0.000       0.127       0.078   7 [-0.030000, 0.020000]
 iBF         0.000       0.000       0.000       0.000   7 [-0.030000, 0.020000]
 iBFBZ       0.000       0.000       0.000       0.000   7 [-0.030000, 0.020000]
 iIF         0.067       0.000       0.011       0.007   7 [-0.030000, 0.020000]
 iIF2        0.067       0.000       0.011       0.007   7 [-0.030000, 0.020000]
 iISF        0.034       0.000       0.004       0.001   7 [-0.030000, 0.020000]
-------------------------------------------------------------------------
>> STATS for tests_out/iu15_test.bin
 #polynomials = 100    deg = 11    X = [-0.030000 , 0.020000]
>> [DISTANCE]
Form         max          min         mean       median  deg         X
-------------------------------------------------------------------------
 iHF         4.119       0.000       0.588       0.377  11 [-0.030000, 0.020000]
 iHFBZ       4.119       0.000       0.588       0.377  11 [-0.030000, 0.020000]
 iMVF        5.177       0.017       0.637       0.432  11 [-0.030000, 0.020000]
 iSF         2.147       0.000       0.295       0.189  11 [-0.030000, 0.020000]
 iMVFBC      0.654       0.000       0.007       0.000  11 [-0.030000, 0.020000]
 iTF         2.178       0.000       0.295       0.189  11 [-0.030000, 0.020000]
 iTFBM       1.101       0.000       0.146       0.094  11 [-0.030000, 0.020000]
 iBF         0.032       0.000       0.000       0.000  11 [-0.030000, 0.020000]
 iBFBZ       0.032       0.000       0.000       0.000  11 [-0.030000, 0.020000]
 iIF         0.118       0.000       0.011       0.007  11 [-0.030000, 0.020000]
 iIF2        0.118       0.000       0.011       0.007  11 [-0.030000, 0.020000]
 iISF        0.060       0.000       0.003       0.000  11 [-0.030000, 0.020000]
-------------------------------------------------------------------------
>> STATS for tests_out/iu16_test.bin
 #polynomials = 100    deg = 16    X = [-0.030000 , 0.020000]
>> [DISTANCE]
Form         max          min         mean       median  deg         X
-------------------------------------------------------------------------
 iHF         3.124       0.000       0.577       0.366  16 [-0.030000, 0.020000]
 iHFBZ       3.124       0.000       0.577       0.366  16 [-0.030000, 0.020000]
 iMVF        3.905       0.010       0.597       0.434  16 [-0.030000, 0.020000]
 iSF         1.609       0.000       0.291       0.184  16 [-0.030000, 0.020000]
 iMVFBC      1.138       0.000       0.011       0.000  16 [-0.030000, 0.020000]
 iTF         1.625       0.000       0.291       0.184  16 [-0.030000, 0.020000]
 iTFBM       0.819       0.000       0.144       0.090  16 [-0.030000, 0.020000]
 iBF         0.019       0.000       0.000       0.000  16 [-0.030000, 0.020000]
 iBFBZ       0.019       0.000       0.000       0.000  16 [-0.030000, 0.020000]
 iIF         0.086       0.000       0.011       0.006  16 [-0.030000, 0.020000]
 iIF2        0.086       0.000       0.011       0.006  16 [-0.030000, 0.020000]
 iISF        0.043       0.000       0.003       0.000  16 [-0.030000, 0.020000]
-------------------------------------------------------------------------
>> STATS for tests_out/iu17_test.bin
 #polynomials = 100    deg = 21    X = [-0.030000 , 0.020000]
>> [DISTANCE]
Form         max          min         mean       median  deg         X
-------------------------------------------------------------------------
 iHF         4.786       0.017       0.602       0.305  21 [-0.030000, 0.020000]
 iHFBZ       4.786       0.017       0.602       0.305  21 [-0.030000, 0.020000]
 iMVF        4.162       0.037       0.651       0.369  21 [-0.030000, 0.020000]
 iSF         2.445       0.005       0.304       0.156  21 [-0.030000, 0.020000]
 iMVFBC      0.310       0.000       0.003       0.000  21 [-0.030000, 0.020000]
 iTF         2.445       0.005       0.304       0.155  21 [-0.030000, 0.020000]
 iTFBM       1.234       0.001       0.151       0.077  21 [-0.030000, 0.020000]
 iBF         0.008       0.000       0.000       0.000  21 [-0.030000, 0.020000]
 iBFBZ       0.008       0.000       0.000       0.000  21 [-0.030000, 0.020000]
 iIF         0.121       0.000       0.014       0.009  21 [-0.030000, 0.020000]
 iIF2        0.121       0.000       0.014       0.008  21 [-0.030000, 0.020000]
 iISF        0.061       0.000       0.005       0.001  21 [-0.030000, 0.020000]
-------------------------------------------------------------------------
>> STATS for tests_out/iu18_test.bin
 #polynomials = 100    deg = 26    X = [-0.030000 , 0.020000]
>> [DISTANCE]
Form         max          min         mean       median  deg         X
-------------------------------------------------------------------------
 iHF         1.871       0.010       0.480       0.365  26 [-0.030000, 0.020000]
 iHFBZ       1.871       0.010       0.480       0.365  26 [-0.030000, 0.020000]
 iMVF        2.485       0.046       0.502       0.389  26 [-0.030000, 0.020000]
 iSF         0.948       0.000       0.242       0.181  26 [-0.030000, 0.020000]
 iMVFBC      0.000       0.000       0.000       0.000  26 [-0.030000, 0.020000]
 iTF         0.949       0.000       0.242       0.180  26 [-0.030000, 0.020000]
 iTFBM       0.477       0.000       0.121       0.090  26 [-0.030000, 0.020000]
 iBF         0.000       0.000       0.000       0.000  26 [-0.030000, 0.020000]
 iBFBZ       0.000       0.000       0.000       0.000  26 [-0.030000, 0.020000]
 iIF         0.054       0.000       0.011       0.009  26 [-0.030000, 0.020000]
 iIF2        0.054       0.000       0.011       0.009  26 [-0.030000, 0.020000]
 iISF        0.027       0.000       0.004       0.002  26 [-0.030000, 0.020000]
-------------------------------------------------------------------------
>> STATS for tests_out/iu19_test.bin
 #polynomials = 100    deg = 31    X = [-0.030000 , 0.020000]
>> [DISTANCE]
Form         max          min         mean       median  deg         X
-------------------------------------------------------------------------
 iHF         2.715       0.000       0.430       0.305  31 [-0.030000, 0.020000]
 iHFBZ       2.715       0.000       0.430       0.305  31 [-0.030000, 0.020000]
 iMVF        3.603       0.004       0.470       0.360  31 [-0.030000, 0.020000]
 iSF         1.371       0.000       0.214       0.152  31 [-0.030000, 0.020000]
 iMVFBC      0.003       0.000       0.000       0.000  31 [-0.030000, 0.020000]
 iTF         1.371       0.000       0.214       0.152  31 [-0.030000, 0.020000]
 iTFBM       0.688       0.000       0.106       0.075  31 [-0.030000, 0.020000]
 iBF         0.000       0.000       0.000       0.000  31 [-0.030000, 0.020000]
 iBFBZ       0.000       0.000       0.000       0.000  31 [-0.030000, 0.020000]
 iIF         0.092       0.000       0.010       0.007  31 [-0.030000, 0.020000]
 iIF2        0.092       0.000       0.010       0.007  31 [-0.030000, 0.020000]
 iISF        0.046       0.000       0.002       0.000  31 [-0.030000, 0.020000]
-------------------------------------------------------------------------
>> STATS for tests_out/iu21_test.bin
 #polynomials = 100    deg = 4     X = [-0.015000 , 0.010000]
>> [DISTANCE]
Form         max          min         mean       median  deg         X
-------------------------------------------------------------------------
 iHF         3.426       0.000       0.213       0.132   4 [-0.015000, 0.010000]
 iHFBZ       3.426       0.000       0.213       0.132   4 [-0.015000, 0.010000]
 iMVF        2.977       0.004       0.220       0.135   4 [-0.015000, 0.010000]
 iSF         1.730       0.000       0.107       0.066   4 [-0.015000, 0.010000]
 iMVFBC      0.000       0.000       0.000       0.000   4 [-0.015000, 0.010000]
 iTF         1.731       0.000       0.107       0.066   4 [-0.015000, 0.010000]
 iTFBM       0.866       0.000       0.054       0.032   4 [-0.015000, 0.010000]
 iBF         0.000       0.000       0.000       0.000   4 [-0.015000, 0.010000]
 iBFBZ       0.000       0.000       0.000       0.000   4 [-0.015000, 0.010000]
 iIF         0.022       0.000       0.002       0.001   4 [-0.015000, 0.010000]
 iIF2        0.022       0.000       0.002       0.001   4 [-0.015000, 0.010000]
 iISF        0.011       0.000       0.001       0.000   4 [-0.015000, 0.010000]
-------------------------------------------------------------------------
>> STATS for tests_out/iu22_test.bin
 #polynomials = 100    deg = 5     X = [-0.015000 , 0.010000]
>> [DISTANCE]
Form         max          min         mean       median  deg         X
-------------------------------------------------------------------------
 iHF         4.709       0.000       0.236       0.110   5 [-0.015000, 0.010000]
 iHFBZ       4.709       0.000       0.236       0.110   5 [-0.015000, 0.010000]
 iMVF        4.738       0.004       0.240       0.118   5 [-0.015000, 0.010000]
 iSF         2.405       0.000       0.118       0.056   5 [-0.015000, 0.010000]
 iMVFBC      0.000       0.000       0.000       0.000   5 [-0.015000, 0.010000]
 iTF         2.399       0.000       0.118       0.056   5 [-0.015000, 0.010000]
 iTFBM       1.211       0.000       0.058       0.028   5 [-0.015000, 0.010000]
 iBF         0.000       0.000       0.000       0.000   5 [-0.015000, 0.010000]
 iBFBZ       0.000       0.000       0.000       0.000   5 [-0.015000, 0.010000]
 iIF         0.024       0.000       0.002       0.001   5 [-0.015000, 0.010000]
 iIF2        0.024       0.000       0.002       0.001   5 [-0.015000, 0.010000]
 iISF        0.010       0.000       0.001       0.000   5 [-0.015000, 0.010000]
-------------------------------------------------------------------------
>> STATS for tests_out/iu23_test.bin
 #polynomials = 100    deg = 6     X = [-0.015000 , 0.010000]
>> [DISTANCE]
Form         max          min         mean       median  deg         X
-------------------------------------------------------------------------
 iHF         3.271       0.000       0.235       0.115   6 [-0.015000, 0.010000]
 iHFBZ       3.271       0.000       0.235       0.115   6 [-0.015000, 0.010000]
 iMVF        4.312       0.003       0.251       0.128   6 [-0.015000, 0.010000]
 iSF         1.662       0.000       0.118       0.058   6 [-0.015000, 0.010000]
 iMVFBC      0.146       0.000       0.001       0.000   6 [-0.015000, 0.010000]
 iTF         1.662       0.000       0.118       0.058   6 [-0.015000, 0.010000]
 iTFBM       0.837       0.000       0.059       0.028   6 [-0.015000, 0.010000]
 iBF         0.014       0.000       0.000       0.000   6 [-0.015000, 0.010000]
 iBFBZ       0.014       0.000       0.000       0.000   6 [-0.015000, 0.010000]
 iIF         0.011       0.000       0.002       0.001   6 [-0.015000, 0.010000]
 iIF2        0.011       0.000       0.002       0.001   6 [-0.015000, 0.010000]
 iISF        0.005       0.000       0.001       0.000   6 [-0.015000, 0.010000]
-------------------------------------------------------------------------
>> STATS for tests_out/iu24_test.bin
 #polynomials = 100    deg = 7     X = [-0.015000 , 0.010000]
>> [DISTANCE]
Form         max          min         mean       median  deg         X
-------------------------------------------------------------------------
 iHF         1.032       0.000       0.143       0.088   7 [-0.015000, 0.010000]
 iHFBZ       1.032       0.000       0.143       0.088   7 [-0.015000, 0.010000]
 iMVF        0.907       0.004       0.154       0.100   7 [-0.015000, 0.010000]
 iSF         0.518       0.000       0.072       0.044   7 [-0.015000, 0.010000]
 iMVFBC      0.000       0.000       0.000       0.000   7 [-0.015000, 0.010000]
 iTF         0.518       0.000       0.072       0.044   7 [-0.015000, 0.010000]
 iTFBM       0.259       0.000       0.036       0.022   7 [-0.015000, 0.010000]
 iBF         0.000       0.000       0.000       0.000   7 [-0.015000, 0.010000]
 iBFBZ       0.000       0.000       0.000       0.000   7 [-0.015000, 0.010000]
 iIF         0.015       0.000       0.002       0.001   7 [-0.015000, 0.010000]
 iIF2        0.015       0.000       0.002       0.001   7 [-0.015000, 0.010000]
 iISF        0.004       0.000       0.000       0.000   7 [-0.015000, 0.010000]
-------------------------------------------------------------------------
>> STATS for tests_out/iu25_test.bin
 #polynomials = 100    deg = 11    X = [-0.015000 , 0.010000]
>> [DISTANCE]
Form         max          min         mean       median  deg         X
-------------------------------------------------------------------------
 iHF         1.962       0.000       0.167       0.099  11 [-0.015000, 0.010000]
 iHFBZ       1.962       0.000       0.167       0.099  11 [-0.015000, 0.010000]
 iMVF        2.661       0.005       0.186       0.117  11 [-0.015000, 0.010000]
 iSF         0.986       0.000       0.083       0.049  11 [-0.015000, 0.010000]
 iMVFBC      0.000       0.000       0.000       0.000  11 [-0.015000, 0.010000]
 iTF         0.986       0.000       0.083       0.049  11 [-0.015000, 0.010000]
 iTFBM       0.493       0.000       0.042       0.025  11 [-0.015000, 0.010000]
 iBF         0.000       0.000       0.000       0.000  11 [-0.015000, 0.010000]
 iBFBZ       0.000       0.000       0.000       0.000  11 [-0.015000, 0.010000]
 iIF         0.022       0.000       0.002       0.001  11 [-0.015000, 0.010000]
 iIF2        0.022       0.000       0.002       0.001  11 [-0.015000, 0.010000]
 iISF        0.004       0.000       0.000       0.000  11 [-0.015000, 0.010000]
-------------------------------------------------------------------------
>> STATS for tests_out/iu26_test.bin
 #polynomials = 100    deg = 16    X = [-0.015000 , 0.010000]
>> [DISTANCE]
Form         max          min         mean       median  deg         X
-------------------------------------------------------------------------
 iHF         1.215       0.000       0.142       0.086  16 [-0.015000, 0.010000]
 iHFBZ       1.215       0.000       0.142       0.086  16 [-0.015000, 0.010000]
 iMVF        1.055       0.005       0.156       0.112  16 [-0.015000, 0.010000]
 iSF         0.609       0.000       0.071       0.043  16 [-0.015000, 0.010000]
 iMVFBC      0.000       0.000       0.000       0.000  16 [-0.015000, 0.010000]
 iTF         0.609       0.000       0.071       0.043  16 [-0.015000, 0.010000]
 iTFBM       0.304       0.000       0.035       0.021  16 [-0.015000, 0.010000]
 iBF         0.000       0.000       0.000       0.000  16 [-0.015000, 0.010000]
 iBFBZ       0.000       0.000       0.000       0.000  16 [-0.015000, 0.010000]
 iIF         0.011       0.000       0.002       0.001  16 [-0.015000, 0.010000]
 iIF2        0.011       0.000       0.002       0.001  16 [-0.015000, 0.010000]
 iISF        0.006       0.000       0.000       0.000  16 [-0.015000, 0.010000]
-------------------------------------------------------------------------
>> STATS for tests_out/iu27_test.bin
 #polynomials = 100    deg = 21    X = [-0.015000 , 0.010000]
>> [DISTANCE]
Form         max          min         mean       median  deg         X
-------------------------------------------------------------------------
 iHF         1.651       0.000       0.157       0.079  21 [-0.015000, 0.010000]
 iHFBZ       1.651       0.000       0.157       0.079  21 [-0.015000, 0.010000]
 iMVF        1.438       0.004       0.157       0.095  21 [-0.015000, 0.010000]
 iSF         0.838       0.000       0.079       0.040  21 [-0.015000, 0.010000]
 iMVFBC      0.006       0.000       0.000       0.000  21 [-0.015000, 0.010000]
 iTF         0.841       0.000       0.079       0.040  21 [-0.015000, 0.010000]
 iTFBM       0.422       0.000       0.039       0.020  21 [-0.015000, 0.010000]
 iBF         0.000       0.000       0.000       0.000  21 [-0.015000, 0.010000]
 iBFBZ       0.000       0.000       0.000       0.000  21 [-0.015000, 0.010000]
 iIF         0.014       0.000       0.002       0.001  21 [-0.015000, 0.010000]
 iIF2        0.014       0.000       0.002       0.001  21 [-0.015000, 0.010000]
 iISF        0.007       0.000       0.000       0.000  21 [-0.015000, 0.010000]
-------------------------------------------------------------------------
>> STATS for tests_out/iu28_test.bin
 #polynomials = 100    deg = 26    X = [-0.015000 , 0.010000]
>> [DISTANCE]
Form         max          min         mean       median  deg         X
-------------------------------------------------------------------------
 iHF         2.573       0.000       0.201       0.106  26 [-0.015000, 0.010000]
 iHFBZ       2.573       0.000       0.201       0.106  26 [-0.015000, 0.010000]
 iMVF        2.232       0.001       0.195       0.114  26 [-0.015000, 0.010000]
 iSF         1.296       0.000       0.101       0.053  26 [-0.015000, 0.010000]
 iMVFBC      0.000       0.000       0.000       0.000  26 [-0.015000, 0.010000]
 iTF         1.296       0.000       0.101       0.054  26 [-0.015000, 0.010000]
 iTFBM       0.648       0.000       0.050       0.026  26 [-0.015000, 0.010000]
 iBF         0.000       0.000       0.000       0.000  26 [-0.015000, 0.010000]
 iBFBZ       0.000       0.000       0.000       0.000  26 [-0.015000, 0.010000]
 iIF         0.010       0.000       0.001       0.001  26 [-0.015000, 0.010000]
 iIF2        0.010       0.000       0.001       0.001  26 [-0.015000, 0.010000]
 iISF        0.003       0.000       0.000       0.000  26 [-0.015000, 0.010000]
-------------------------------------------------------------------------
>> STATS for tests_out/iu29_test.bin
 #polynomials = 100    deg = 31    X = [-0.015000 , 0.010000]
>> [DISTANCE]
Form         max          min         mean       median  deg         X
-------------------------------------------------------------------------
 iHF         1.238       0.000       0.171       0.124  31 [-0.015000, 0.010000]
 iHFBZ       1.238       0.000       0.171       0.124  31 [-0.015000, 0.010000]
 iMVF        1.071       0.005       0.178       0.128  31 [-0.015000, 0.010000]
 iSF         0.624       0.000       0.085       0.062  31 [-0.015000, 0.010000]
 iMVFBC      0.000       0.000       0.000       0.000  31 [-0.015000, 0.010000]
 iTF         0.625       0.000       0.085       0.062  31 [-0.015000, 0.010000]
 iTFBM       0.314       0.000       0.043       0.031  31 [-0.015000, 0.010000]
 iBF         0.000       0.000       0.000       0.000  31 [-0.015000, 0.010000]
 iBFBZ       0.000       0.000       0.000       0.000  31 [-0.015000, 0.010000]
 iIF         0.015       0.000       0.002       0.001  31 [-0.015000, 0.010000]
 iIF2        0.015       0.000       0.002       0.001  31 [-0.015000, 0.010000]
 iISF        0.007       0.000       0.001       0.000  31 [-0.015000, 0.010000]
-------------------------------------------------------------------------
>> STATS for tests_out/iu31_test.bin
 #polynomials = 100    deg = 4     X = [-0.010000 , 0.010000]
>> [DISTANCE]
Form         max          min         mean       median  deg         X
-------------------------------------------------------------------------
 iHF         2.366       0.000       0.125       0.077   4 [-0.010000, 0.010000]
 iHFBZ       2.366       0.000       0.125       0.077   4 [-0.010000, 0.010000]
 iMVF        2.413       0.002       0.129       0.079   4 [-0.010000, 0.010000]
 iSF         1.198       0.000       0.063       0.038   4 [-0.010000, 0.010000]
 iMVFBC      0.000       0.000       0.000       0.000   4 [-0.010000, 0.010000]
 iTF         1.198       0.000       0.063       0.038   4 [-0.010000, 0.010000]
 iTFBM       0.602       0.000       0.031       0.019   4 [-0.010000, 0.010000]
 iBF         0.000       0.000       0.000       0.000   4 [-0.010000, 0.010000]
 iBFBZ       0.000       0.000       0.000       0.000   4 [-0.010000, 0.010000]
 iIF         0.006       0.000       0.001       0.001   4 [-0.010000, 0.010000]
 iIF2        0.006       0.000       0.001       0.001   4 [-0.010000, 0.010000]
 iISF        0.003       0.000       0.000       0.000   4 [-0.010000, 0.010000]
-------------------------------------------------------------------------
>> STATS for tests_out/iu32_test.bin
 #polynomials = 100    deg = 5     X = [-0.010000 , 0.010000]
>> [DISTANCE]
Form         max          min         mean       median  deg         X
-------------------------------------------------------------------------
 iHF         1.255       0.001       0.125       0.081   5 [-0.010000, 0.010000]
 iHFBZ       1.255       0.001       0.125       0.081   5 [-0.010000, 0.010000]
 iMVF        1.280       0.003       0.129       0.083   5 [-0.010000, 0.010000]
 iSF         0.629       0.001       0.063       0.041   5 [-0.010000, 0.010000]
 iMVFBC      0.031       0.000       0.000       0.000   5 [-0.010000, 0.010000]
 iTF         0.629       0.000       0.063       0.041   5 [-0.010000, 0.010000]
 iTFBM       0.314       0.000       0.031       0.020   5 [-0.010000, 0.010000]
 iBF         0.005       0.000       0.000       0.000   5 [-0.010000, 0.010000]
 iBFBZ       0.005       0.000       0.000       0.000   5 [-0.010000, 0.010000]
 iIF         0.006       0.000       0.001       0.001   5 [-0.010000, 0.010000]
 iIF2        0.006       0.000       0.001       0.001   5 [-0.010000, 0.010000]
 iISF        0.003       0.000       0.000       0.000   5 [-0.010000, 0.010000]
-------------------------------------------------------------------------
>> STATS for tests_out/iu33_test.bin
 #polynomials = 100    deg = 6     X = [-0.010000 , 0.010000]
>> [DISTANCE]
Form         max          min         mean       median  deg         X
-------------------------------------------------------------------------
 iHF         0.488       0.001       0.101       0.068   6 [-0.010000, 0.010000]
 iHFBZ       0.488       0.001       0.101       0.068   6 [-0.010000, 0.010000]
 iMVF        0.501       0.002       0.104       0.070   6 [-0.010000, 0.010000]
 iSF         0.244       0.001       0.051       0.034   6 [-0.010000, 0.010000]
 iMVFBC      0.000       0.000       0.000       0.000   6 [-0.010000, 0.010000]
 iTF         0.244       0.001       0.051       0.034   6 [-0.010000, 0.010000]
 iTFBM       0.122       0.000       0.025       0.017   6 [-0.010000, 0.010000]
 iBF         0.000       0.000       0.000       0.000   6 [-0.010000, 0.010000]
 iBFBZ       0.000       0.000       0.000       0.000   6 [-0.010000, 0.010000]
 iIF         0.003       0.000       0.001       0.000   6 [-0.010000, 0.010000]
 iIF2        0.003       0.000       0.001       0.000   6 [-0.010000, 0.010000]
 iISF        0.001       0.000       0.000       0.000   6 [-0.010000, 0.010000]
-------------------------------------------------------------------------
>> STATS for tests_out/iu34_test.bin
 #polynomials = 100    deg = 7     X = [-0.010000 , 0.010000]
>> [DISTANCE]
Form         max          min         mean       median  deg         X
-------------------------------------------------------------------------
 iHF         1.257       0.000       0.106       0.076   7 [-0.010000, 0.010000]
 iHFBZ       1.257       0.000       0.106       0.076   7 [-0.010000, 0.010000]
 iMVF        1.272       0.001       0.109       0.078   7 [-0.010000, 0.010000]
 iSF         0.632       0.000       0.053       0.038   7 [-0.010000, 0.010000]
 iMVFBC      0.000       0.000       0.000       0.000   7 [-0.010000, 0.010000]
 iTF         0.632       0.000       0.053       0.038   7 [-0.010000, 0.010000]
 iTFBM       0.316       0.000       0.026       0.019   7 [-0.010000, 0.010000]
 iBF         0.000       0.000       0.000       0.000   7 [-0.010000, 0.010000]
 iBFBZ       0.000       0.000       0.000       0.000   7 [-0.010000, 0.010000]
 iIF         0.003       0.000       0.001       0.001   7 [-0.010000, 0.010000]
 iIF2        0.003       0.000       0.001       0.001   7 [-0.010000, 0.010000]
 iISF        0.002       0.000       0.000       0.000   7 [-0.010000, 0.010000]
-------------------------------------------------------------------------
>> STATS for tests_out/iu35_test.bin
 #polynomials = 100    deg = 11    X = [-0.010000 , 0.010000]
>> [DISTANCE]
Form         max          min         mean       median  deg         X
-------------------------------------------------------------------------
 iHF         0.863       0.000       0.106       0.076  11 [-0.010000, 0.010000]
 iHFBZ       0.863       0.000       0.106       0.076  11 [-0.010000, 0.010000]
 iMVF        0.876       0.001       0.110       0.080  11 [-0.010000, 0.010000]
 iSF         0.435       0.000       0.053       0.038  11 [-0.010000, 0.010000]
 iMVFBC      0.000       0.000       0.000       0.000  11 [-0.010000, 0.010000]
 iTF         0.435       0.000       0.053       0.038  11 [-0.010000, 0.010000]
 iTFBM       0.218       0.000       0.027       0.019  11 [-0.010000, 0.010000]
 iBF         0.000       0.000       0.000       0.000  11 [-0.010000, 0.010000]
 iBFBZ       0.000       0.000       0.000       0.000  11 [-0.010000, 0.010000]
 iIF         0.006       0.000       0.001       0.000  11 [-0.010000, 0.010000]
 iIF2        0.006       0.000       0.001       0.000  11 [-0.010000, 0.010000]
 iISF        0.003       0.000       0.000       0.000  11 [-0.010000, 0.010000]
-------------------------------------------------------------------------
>> STATS for tests_out/iu36_test.bin
 #polynomials = 100    deg = 16    X = [-0.010000 , 0.010000]
>> [DISTANCE]
Form         max          min         mean       median  deg         X
-------------------------------------------------------------------------
 iHF         0.861       0.001       0.118       0.068  16 [-0.010000, 0.010000]
 iHFBZ       0.861       0.001       0.118       0.068  16 [-0.010000, 0.010000]
 iMVF        0.883       0.003       0.122       0.069  16 [-0.010000, 0.010000]
 iSF         0.432       0.001       0.059       0.034  16 [-0.010000, 0.010000]
 iMVFBC      0.000       0.000       0.000       0.000  16 [-0.010000, 0.010000]
 iTF         0.432       0.000       0.059       0.034  16 [-0.010000, 0.010000]
 iTFBM       0.216       0.000       0.029       0.017  16 [-0.010000, 0.010000]
 iBF         0.000       0.000       0.000       0.000  16 [-0.010000, 0.010000]
 iBFBZ       0.000       0.000       0.000       0.000  16 [-0.010000, 0.010000]
 iIF         0.009       0.000       0.001       0.001  16 [-0.010000, 0.010000]
 iIF2        0.009       0.000       0.001       0.001  16 [-0.010000, 0.010000]
 iISF        0.004       0.000       0.000       0.000  16 [-0.010000, 0.010000]
-------------------------------------------------------------------------
>> STATS for tests_out/iu37_test.bin
 #polynomials = 100    deg = 21    X = [-0.010000 , 0.010000]
>> [DISTANCE]
Form         max          min         mean       median  deg         X
-------------------------------------------------------------------------
 iHF         1.503       0.000       0.140       0.074  21 [-0.010000, 0.010000]
 iHFBZ       1.503       0.000       0.140       0.074  21 [-0.010000, 0.010000]
 iMVF        1.562       0.002       0.145       0.077  21 [-0.010000, 0.010000]
 iSF         0.753       0.000       0.070       0.037  21 [-0.010000, 0.010000]
 iMVFBC      0.000       0.000       0.000       0.000  21 [-0.010000, 0.010000]
 iTF         0.753       0.000       0.070       0.037  21 [-0.010000, 0.010000]
 iTFBM       0.376       0.000       0.035       0.018  21 [-0.010000, 0.010000]
 iBF         0.000       0.000       0.000       0.000  21 [-0.010000, 0.010000]
 iBFBZ       0.000       0.000       0.000       0.000  21 [-0.010000, 0.010000]
 iIF         0.010       0.000       0.001       0.001  21 [-0.010000, 0.010000]
 iIF2        0.010       0.000       0.001       0.001  21 [-0.010000, 0.010000]
 iISF        0.005       0.000       0.000       0.000  21 [-0.010000, 0.010000]
-------------------------------------------------------------------------
>> STATS for tests_out/iu38_test.bin
 #polynomials = 100    deg = 26    X = [-0.010000 , 0.010000]
>> [DISTANCE]
Form         max          min         mean       median  deg         X
-------------------------------------------------------------------------
 iHF         1.445       0.000       0.119       0.072  26 [-0.010000, 0.010000]
 iHFBZ       1.445       0.000       0.119       0.072  26 [-0.010000, 0.010000]
 iMVF        3.626       0.002       0.144       0.074  26 [-0.010000, 0.010000]
 iSF         1.708       0.000       0.069       0.036  26 [-0.010000, 0.010000]
 iMVFBC      1.272       0.000       0.013       0.000  26 [-0.010000, 0.010000]
 iTF         1.708       0.000       0.069       0.036  26 [-0.010000, 0.010000]
 iTFBM       0.771       0.000       0.034       0.018  26 [-0.010000, 0.010000]
 iBF         0.026       0.000       0.000       0.000  26 [-0.010000, 0.010000]
 iBFBZ       0.026       0.000       0.000       0.000  26 [-0.010000, 0.010000]
 iIF         0.017       0.000       0.001       0.001  26 [-0.010000, 0.010000]
 iIF2        0.010       0.000       0.001       0.001  26 [-0.010000, 0.010000]
 iISF        0.002       0.000       0.000       0.000  26 [-0.010000, 0.010000]
-------------------------------------------------------------------------
>> STATS for tests_out/iu39_test.bin
 #polynomials = 100    deg = 31    X = [-0.010000 , 0.010000]
>> [DISTANCE]
Form         max          min         mean       median  deg         X
-------------------------------------------------------------------------
 iHF         1.676       0.000       0.108       0.071  31 [-0.010000, 0.010000]
 iHFBZ       1.676       0.000       0.108       0.071  31 [-0.010000, 0.010000]
 iMVF        1.685       0.000       0.111       0.073  31 [-0.010000, 0.010000]
 iSF         0.844       0.000       0.054       0.035  31 [-0.010000, 0.010000]
 iMVFBC      0.000       0.000       0.000       0.000  31 [-0.010000, 0.010000]
 iTF         0.844       0.000       0.054       0.035  31 [-0.010000, 0.010000]
 iTFBM       0.423       0.000       0.027       0.017  31 [-0.010000, 0.010000]
 iBF         0.000       0.000       0.000       0.000  31 [-0.010000, 0.010000]
 iBFBZ       0.000       0.000       0.000       0.000  31 [-0.010000, 0.010000]
 iIF         0.005       0.000       0.001       0.000  31 [-0.010000, 0.010000]
 iIF2        0.005       0.000       0.001       0.000  31 [-0.010000, 0.010000]
 iISF        0.001       0.000       0.000       0.000  31 [-0.010000, 0.010000]
-------------------------------------------------------------------------
>> STATS for tests_out/iu41_test.bin
 #polynomials = 100    deg = 4     X = [-0.030000 , -0.020000]
>> [DISTANCE]
Form         max          min         mean       median  deg         X
-------------------------------------------------------------------------
 iHF         2.621       0.000       0.250       0.025   4 [-0.030000, -0.020000]
 iHFBZ       2.621       0.000       0.250       0.025   4 [-0.030000, -0.020000]
 iMVF        0.817       0.002       0.130       0.086   4 [-0.030000, -0.020000]
 iSF         0.327       0.000       0.062       0.042   4 [-0.030000, -0.020000]
 iMVFBC      0.457       0.000       0.005       0.000   4 [-0.030000, -0.020000]
 iTF         0.328       0.000       0.060       0.041   4 [-0.030000, -0.020000]
 iTFBM       0.139       0.000       0.029       0.020   4 [-0.030000, -0.020000]
 iBF         0.070       0.000       0.001       0.000   4 [-0.030000, -0.020000]
 iBFBZ       0.070       0.000       0.001       0.000   4 [-0.030000, -0.020000]
 iIF         0.007       0.000       0.001       0.001   4 [-0.030000, -0.020000]
 iIF2        0.007       0.000       0.001       0.001   4 [-0.030000, -0.020000]
 iISF        0.004       0.000       0.000       0.000   4 [-0.030000, -0.020000]
-------------------------------------------------------------------------
>> STATS for tests_out/iu42_test.bin
 #polynomials = 100    deg = 5     X = [-0.030000 , -0.020000]
>> [DISTANCE]
Form         max          min         mean       median  deg         X
-------------------------------------------------------------------------
 iHF         7.669       0.000       0.514       0.037   5 [-0.030000, -0.020000]
 iHFBZ       7.669       0.000       0.514       0.037   5 [-0.030000, -0.020000]
 iMVF        1.569       0.004       0.157       0.078   5 [-0.030000, -0.020000]
 iSF         0.717       0.001       0.075       0.038   5 [-0.030000, -0.020000]
 iMVFBC      0.002       0.000       0.000       0.000   5 [-0.030000, -0.020000]
 iTF         0.702       0.000       0.075       0.038   5 [-0.030000, -0.020000]
 iTFBM       0.351       0.000       0.037       0.019   5 [-0.030000, -0.020000]
 iBF         0.000       0.000       0.000       0.000   5 [-0.030000, -0.020000]
 iBFBZ       0.000       0.000       0.000       0.000   5 [-0.030000, -0.020000]
 iIF         0.012       0.000       0.001       0.000   5 [-0.030000, -0.020000]
 iIF2        0.012       0.000       0.001       0.000   5 [-0.030000, -0.020000]
 iISF        0.006       0.000       0.000       0.000   5 [-0.030000, -0.020000]
-------------------------------------------------------------------------
>> STATS for tests_out/iu43_test.bin
 #polynomials = 100    deg = 6     X = [-0.030000 , -0.020000]
>> [DISTANCE]
Form         max          min         mean       median  deg         X
-------------------------------------------------------------------------
 iHF         9.305       0.000       0.412       0.042   6 [-0.030000, -0.020000]
 iHFBZ       9.305       0.000       0.412       0.042   6 [-0.030000, -0.020000]
 iMVF        2.007       0.006       0.192       0.079   6 [-0.030000, -0.020000]
 iSF         1.008       0.001       0.092       0.038   6 [-0.030000, -0.020000]
 iMVFBC      0.049       0.000       0.000       0.000   6 [-0.030000, -0.020000]
 iTF         1.006       0.000       0.090       0.038   6 [-0.030000, -0.020000]
 iTFBM       0.505       0.000       0.045       0.019   6 [-0.030000, -0.020000]
 iBF         0.000       0.000       0.000       0.000   6 [-0.030000, -0.020000]
 iBFBZ       0.000       0.000       0.000       0.000   6 [-0.030000, -0.020000]
 iIF         0.022       0.000       0.001       0.001   6 [-0.030000, -0.020000]
 iIF2        0.022       0.000       0.001       0.001   6 [-0.030000, -0.020000]
 iISF        0.005       0.000       0.000       0.000   6 [-0.030000, -0.020000]
-------------------------------------------------------------------------
>> STATS for tests_out/iu44_test.bin
 #polynomials = 100    deg = 7     X = [-0.030000 , -0.020000]
>> [DISTANCE]
Form         max          min         mean       median  deg         X
-------------------------------------------------------------------------
 iHF         8.171       0.000       0.412       0.131   7 [-0.030000, -0.020000]
 iHFBZ       8.171       0.000       0.412       0.131   7 [-0.030000, -0.020000]
 iMVF        1.707       0.002       0.147       0.088   7 [-0.030000, -0.020000]
 iSF         0.821       0.000       0.070       0.043   7 [-0.030000, -0.020000]
 iMVFBC      0.053       0.000       0.001       0.000   7 [-0.030000, -0.020000]
 iTF         0.823       0.000       0.069       0.043   7 [-0.030000, -0.020000]
 iTFBM       0.413       0.000       0.034       0.021   7 [-0.030000, -0.020000]
 iBF         0.004       0.000       0.000       0.000   7 [-0.030000, -0.020000]
 iBFBZ       0.004       0.000       0.000       0.000   7 [-0.030000, -0.020000]
 iIF         0.018       0.000       0.001       0.001   7 [-0.030000, -0.020000]
 iIF2        0.018       0.000       0.001       0.001   7 [-0.030000, -0.020000]
 iISF        0.006       0.000       0.000       0.000   7 [-0.030000, -0.020000]
-------------------------------------------------------------------------
>> STATS for tests_out/iu45_test.bin
 #polynomials = 100    deg = 11    X = [-0.030000 , -0.020000]
>> [DISTANCE]
Form         max          min         mean       median  deg         X
-------------------------------------------------------------------------
 iHF         5.911       0.000       0.392       0.065  11 [-0.030000, -0.020000]
 iHFBZ       5.911       0.000       0.392       0.065  11 [-0.030000, -0.020000]
 iMVF        1.245       0.006       0.176       0.102  11 [-0.030000, -0.020000]
 iSF         0.619       0.000       0.084       0.049  11 [-0.030000, -0.020000]
 iMVFBC      0.000       0.000       0.000       0.000  11 [-0.030000, -0.020000]
 iTF         0.623       0.000       0.083       0.050  11 [-0.030000, -0.020000]
 iTFBM       0.312       0.000       0.041       0.025  11 [-0.030000, -0.020000]
 iBF         0.000       0.000       0.000       0.000  11 [-0.030000, -0.020000]
 iBFBZ       0.000       0.000       0.000       0.000  11 [-0.030000, -0.020000]
 iIF         0.013       0.000       0.001       0.001  11 [-0.030000, -0.020000]
 iIF2        0.013       0.000       0.001       0.001  11 [-0.030000, -0.020000]
 iISF        0.007       0.000       0.000       0.000  11 [-0.030000, -0.020000]
-------------------------------------------------------------------------
>> STATS for tests_out/iu46_test.bin
 #polynomials = 100    deg = 16    X = [-0.030000 , -0.020000]
>> [DISTANCE]
Form         max          min         mean       median  deg         X
-------------------------------------------------------------------------
 iHF         3.246       0.000       0.292       0.043  16 [-0.030000, -0.020000]
 iHFBZ       3.246       0.000       0.292       0.043  16 [-0.030000, -0.020000]
 iMVF        1.068       0.002       0.137       0.078  16 [-0.030000, -0.020000]
 iSF         0.520       0.000       0.066       0.038  16 [-0.030000, -0.020000]
 iMVFBC      0.019       0.000       0.000       0.000  16 [-0.030000, -0.020000]
 iTF         0.519       0.000       0.065       0.036  16 [-0.030000, -0.020000]
 iTFBM       0.259       0.000       0.032       0.018  16 [-0.030000, -0.020000]
 iBF         0.000       0.000       0.000       0.000  16 [-0.030000, -0.020000]
 iBFBZ       0.000       0.000       0.000       0.000  16 [-0.030000, -0.020000]
 iIF         0.008       0.000       0.001       0.001  16 [-0.030000, -0.020000]
 iIF2        0.008       0.000       0.001       0.001  16 [-0.030000, -0.020000]
 iISF        0.004       0.000       0.000       0.000  16 [-0.030000, -0.020000]
-------------------------------------------------------------------------
>> STATS for tests_out/iu47_test.bin
 #polynomials = 100    deg = 21    X = [-0.030000 , -0.020000]
>> [DISTANCE]
Form         max          min         mean       median  deg         X
-------------------------------------------------------------------------
 iHF         2.022       0.000       0.231       0.048  21 [-0.030000, -0.020000]
 iHFBZ       2.022       0.000       0.231       0.048  21 [-0.030000, -0.020000]
 iMVF        0.413       0.004       0.096       0.084  21 [-0.030000, -0.020000]
 iSF         0.204       0.000       0.046       0.041  21 [-0.030000, -0.020000]
 iMVFBC      0.034       0.000       0.001       0.000  21 [-0.030000, -0.020000]
 iTF         0.200       0.000       0.045       0.040  21 [-0.030000, -0.020000]
 iTFBM       0.100       0.000       0.022       0.020  21 [-0.030000, -0.020000]
 iBF         0.001       0.000       0.000       0.000  21 [-0.030000, -0.020000]
 iBFBZ       0.001       0.000       0.000       0.000  21 [-0.030000, -0.020000]
 iIF         0.006       0.000       0.001       0.001  21 [-0.030000, -0.020000]
 iIF2        0.006       0.000       0.001       0.001  21 [-0.030000, -0.020000]
 iISF        0.003       0.000       0.000       0.000  21 [-0.030000, -0.020000]
-------------------------------------------------------------------------
>> STATS for tests_out/iu48_test.bin
 #polynomials = 100    deg = 26    X = [-0.030000 , -0.020000]
>> [DISTANCE]
Form         max          min         mean       median  deg         X
-------------------------------------------------------------------------
 iHF         3.329       0.000       0.353       0.081  26 [-0.030000, -0.020000]
 iHFBZ       3.329       0.000       0.353       0.081  26 [-0.030000, -0.020000]
 iMVF        0.698       0.003       0.136       0.092  26 [-0.030000, -0.020000]
 iSF         0.351       0.000       0.065       0.044  26 [-0.030000, -0.020000]
 iMVFBC      0.046       0.000       0.001       0.000  26 [-0.030000, -0.020000]
 iTF         0.354       0.000       0.063       0.042  26 [-0.030000, -0.020000]
 iTFBM       0.177       0.000       0.032       0.021  26 [-0.030000, -0.020000]
 iBF         0.001       0.000       0.000       0.000  26 [-0.030000, -0.020000]
 iBFBZ       0.001       0.000       0.000       0.000  26 [-0.030000, -0.020000]
 iIF         0.008       0.000       0.001       0.001  26 [-0.030000, -0.020000]
 iIF2        0.008       0.000       0.001       0.001  26 [-0.030000, -0.020000]
 iISF        0.004       0.000       0.000       0.000  26 [-0.030000, -0.020000]
-------------------------------------------------------------------------
>> STATS for tests_out/iu49_test.bin
 #polynomials = 100    deg = 31    X = [-0.030000 , -0.020000]
>> [DISTANCE]
Form         max          min         mean       median  deg         X
-------------------------------------------------------------------------
 iHF         2.198       0.000       0.261       0.026  31 [-0.030000, -0.020000]
 iHFBZ       2.198       0.000       0.261       0.026  31 [-0.030000, -0.020000]
 iMVF        0.448       0.005       0.116       0.084  31 [-0.030000, -0.020000]
 iSF         0.219       0.001       0.055       0.039  31 [-0.030000, -0.020000]
 iMVFBC      0.000       0.000       0.000       0.000  31 [-0.030000, -0.020000]
 iTF         0.214       0.000       0.053       0.039  31 [-0.030000, -0.020000]
 iTFBM       0.107       0.000       0.027       0.019  31 [-0.030000, -0.020000]
 iBF         0.000       0.000       0.000       0.000  31 [-0.030000, -0.020000]
 iBFBZ       0.000       0.000       0.000       0.000  31 [-0.030000, -0.020000]
 iIF         0.010       0.000       0.001       0.001  31 [-0.030000, -0.020000]
 iIF2        0.010       0.000       0.001       0.001  31 [-0.030000, -0.020000]
 iISF        0.005       0.000       0.000       0.000  31 [-0.030000, -0.020000]
-------------------------------------------------------------------------
>> STATS for tests_out/iu51_test.bin
 #polynomials = 100    deg = 4     X = [0.020000 , 0.030000]
>> [DISTANCE]
Form         max          min         mean       median  deg         X
-------------------------------------------------------------------------
 iHF         3.210       0.000       0.324       0.061   4 [0.020000, 0.030000]
 iHFBZ       3.210       0.000       0.324       0.061   4 [0.020000, 0.030000]
 iMVF        0.849       0.004       0.121       0.076   4 [0.020000, 0.030000]
 iSF         0.412       0.000       0.058       0.036   4 [0.020000, 0.030000]
 iMVFBC      0.000       0.000       0.000       0.000   4 [0.020000, 0.030000]
 iTF         0.416       0.000       0.057       0.034   4 [0.020000, 0.030000]
 iTFBM       0.208       0.000       0.028       0.017   4 [0.020000, 0.030000]
 iBF         0.000       0.000       0.000       0.000   4 [0.020000, 0.030000]
 iBFBZ       0.000       0.000       0.000       0.000   4 [0.020000, 0.030000]
 iIF         0.012       0.000       0.001       0.000   4 [0.020000, 0.030000]
 iIF2        0.012       0.000       0.001       0.000   4 [0.020000, 0.030000]
 iISF        0.005       0.000       0.000       0.000   4 [0.020000, 0.030000]
-------------------------------------------------------------------------
>> STATS for tests_out/iu52_test.bin
 #polynomials = 100    deg = 5     X = [0.020000 , 0.030000]
>> [DISTANCE]
Form         max          min         mean       median  deg         X
-------------------------------------------------------------------------
 iHF         2.824       0.000       0.291       0.019   5 [0.020000, 0.030000]
 iHFBZ       2.824       0.000       0.291       0.019   5 [0.020000, 0.030000]
 iMVF        0.926       0.003       0.141       0.086   5 [0.020000, 0.030000]
 iSF         0.446       0.001       0.068       0.042   5 [0.020000, 0.030000]
 iMVFBC      0.000       0.000       0.000       0.000   5 [0.020000, 0.030000]
 iTF         0.414       0.000       0.066       0.042   5 [0.020000, 0.030000]
 iTFBM       0.207       0.000       0.033       0.021   5 [0.020000, 0.030000]
 iBF         0.000       0.000       0.000       0.000   5 [0.020000, 0.030000]
 iBFBZ       0.000       0.000       0.000       0.000   5 [0.020000, 0.030000]
 iIF         0.013       0.000       0.001       0.001   5 [0.020000, 0.030000]
 iIF2        0.013       0.000       0.001       0.001   5 [0.020000, 0.030000]
 iISF        0.007       0.000       0.000       0.000   5 [0.020000, 0.030000]
-------------------------------------------------------------------------
>> STATS for tests_out/iu53_test.bin
 #polynomials = 100    deg = 6     X = [0.020000 , 0.030000]
>> [DISTANCE]
Form         max          min         mean       median  deg         X
-------------------------------------------------------------------------
 iHF         1.944       0.000       0.185       0.010   6 [0.020000, 0.030000]
 iHFBZ       1.944       0.000       0.185       0.010   6 [0.020000, 0.030000]
 iMVF        2.234       0.002       0.148       0.080   6 [0.020000, 0.030000]
 iSF         1.097       0.000       0.071       0.039   6 [0.020000, 0.030000]
 iMVFBC      0.000       0.000       0.000       0.000   6 [0.020000, 0.030000]
 iTF         1.097       0.000       0.070       0.037   6 [0.020000, 0.030000]
 iTFBM       0.550       0.000       0.035       0.019   6 [0.020000, 0.030000]
 iBF         0.000       0.000       0.000       0.000   6 [0.020000, 0.030000]
 iBFBZ       0.000       0.000       0.000       0.000   6 [0.020000, 0.030000]
 iIF         0.008       0.000       0.001       0.001   6 [0.020000, 0.030000]
 iIF2        0.008       0.000       0.001       0.001   6 [0.020000, 0.030000]
 iISF        0.004       0.000       0.000       0.000   6 [0.020000, 0.030000]
-------------------------------------------------------------------------
>> STATS for tests_out/iu54_test.bin
 #polynomials = 100    deg = 7     X = [0.020000 , 0.030000]
>> [DISTANCE]
Form         max          min         mean       median  deg         X
-------------------------------------------------------------------------
 iHF        13.398       0.000       0.638       0.088   7 [0.020000, 0.030000]
 iHFBZ      13.398       0.000       0.638       0.088   7 [0.020000, 0.030000]
 iMVF        3.045       0.003       0.194       0.081   7 [0.020000, 0.030000]
 iSF         1.541       0.000       0.094       0.039   7 [0.020000, 0.030000]
 iMVFBC      0.010       0.000       0.000       0.000   7 [0.020000, 0.030000]
 iTF         1.557       0.000       0.092       0.039   7 [0.020000, 0.030000]
 iTFBM       0.784       0.000       0.046       0.019   7 [0.020000, 0.030000]
 iBF         0.000       0.000       0.000       0.000   7 [0.020000, 0.030000]
 iBFBZ       0.000       0.000       0.000       0.000   7 [0.020000, 0.030000]
 iIF         0.033       0.000       0.002       0.001   7 [0.020000, 0.030000]
 iIF2        0.033       0.000       0.002       0.001   7 [0.020000, 0.030000]
 iISF        0.016       0.000       0.001       0.000   7 [0.020000, 0.030000]
-------------------------------------------------------------------------
>> STATS for tests_out/iu55_test.bin
 #polynomials = 100    deg = 11    X = [0.020000 , 0.030000]
>> [DISTANCE]
Form         max          min         mean       median  deg         X
-------------------------------------------------------------------------
 iHF         8.390       0.000       0.352       0.035  11 [0.020000, 0.030000]
 iHFBZ       8.390       0.000       0.352       0.035  11 [0.020000, 0.030000]
 iMVF        1.991       0.006       0.146       0.085  11 [0.020000, 0.030000]
 iSF         0.996       0.000       0.070       0.042  11 [0.020000, 0.030000]
 iMVFBC      0.162       0.000       0.002       0.000  11 [0.020000, 0.030000]
 iTF         0.997       0.000       0.069       0.042  11 [0.020000, 0.030000]
 iTFBM       0.501       0.000       0.035       0.021  11 [0.020000, 0.030000]
 iBF         0.002       0.000       0.000       0.000  11 [0.020000, 0.030000]
 iBFBZ       0.002       0.000       0.000       0.000  11 [0.020000, 0.030000]
 iIF         0.024       0.000       0.001       0.001  11 [0.020000, 0.030000]
 iIF2        0.024       0.000       0.001       0.001  11 [0.020000, 0.030000]
 iISF        0.012       0.000       0.000       0.000  11 [0.020000, 0.030000]
-------------------------------------------------------------------------
>> STATS for tests_out/iu56_test.bin
 #polynomials = 100    deg = 16    X = [0.020000 , 0.030000]
>> [DISTANCE]
Form         max          min         mean       median  deg         X
-------------------------------------------------------------------------
 iHF         3.390       0.000       0.335       0.051  16 [0.020000, 0.030000]
 iHFBZ       3.390       0.000       0.335       0.051  16 [0.020000, 0.030000]
 iMVF        1.135       0.006       0.135       0.075  16 [0.020000, 0.030000]
 iSF         0.567       0.001       0.065       0.036  16 [0.020000, 0.030000]
 iMVFBC      0.000       0.000       0.000       0.000  16 [0.020000, 0.030000]
 iTF         0.567       0.000       0.063       0.034  16 [0.020000, 0.030000]
 iTFBM       0.283       0.000       0.032       0.017  16 [0.020000, 0.030000]
 iBF         0.000       0.000       0.000       0.000  16 [0.020000, 0.030000]
 iBFBZ       0.000       0.000       0.000       0.000  16 [0.020000, 0.030000]
 iIF         0.006       0.000       0.001       0.001  16 [0.020000, 0.030000]
 iIF2        0.006       0.000       0.001       0.001  16 [0.020000, 0.030000]
 iISF        0.003       0.000       0.000       0.000  16 [0.020000, 0.030000]
-------------------------------------------------------------------------
>> STATS for tests_out/iu57_test.bin
 #polynomials = 100    deg = 21    X = [0.020000 , 0.030000]
>> [DISTANCE]
Form         max          min         mean       median  deg         X
-------------------------------------------------------------------------
 iHF         3.665       0.000       0.318       0.030  21 [0.020000, 0.030000]
 iHFBZ       3.665       0.000       0.318       0.030  21 [0.020000, 0.030000]
 iMVF        0.755       0.001       0.139       0.083  21 [0.020000, 0.030000]
 iSF         0.361       0.000       0.067       0.040  21 [0.020000, 0.030000]
 iMVFBC      0.008       0.000       0.000       0.000  21 [0.020000, 0.030000]
 iTF         0.348       0.000       0.066       0.039  21 [0.020000, 0.030000]
 iTFBM       0.174       0.000       0.033       0.020  21 [0.020000, 0.030000]
 iBF         0.000       0.000       0.000       0.000  21 [0.020000, 0.030000]
 iBFBZ       0.000       0.000       0.000       0.000  21 [0.020000, 0.030000]
 iIF         0.006       0.000       0.001       0.001  21 [0.020000, 0.030000]
 iIF2        0.006       0.000       0.001       0.001  21 [0.020000, 0.030000]
 iISF        0.003       0.000       0.000       0.000  21 [0.020000, 0.030000]
-------------------------------------------------------------------------
>> STATS for tests_out/iu58_test.bin
 #polynomials = 100    deg = 26    X = [0.020000 , 0.030000]
>> [DISTANCE]
Form         max          min         mean       median  deg         X
-------------------------------------------------------------------------
 iHF         1.182       0.000       0.183       0.034  26 [0.020000, 0.030000]
 iHFBZ       1.182       0.000       0.183       0.034  26 [0.020000, 0.030000]
 iMVF        1.128       0.003       0.100       0.071  26 [0.020000, 0.030000]
 iSF         0.558       0.000       0.048       0.034  26 [0.020000, 0.030000]
 iMVFBC      0.051       0.000       0.001       0.000  26 [0.020000, 0.030000]
 iTF         0.547       0.000       0.046       0.033  26 [0.020000, 0.030000]
 iTFBM       0.274       0.000       0.023       0.017  26 [0.020000, 0.030000]
 iBF         0.001       0.000       0.000       0.000  26 [0.020000, 0.030000]
 iBFBZ       0.001       0.000       0.000       0.000  26 [0.020000, 0.030000]
 iIF         0.004       0.000       0.001       0.001  26 [0.020000, 0.030000]
 iIF2        0.004       0.000       0.001       0.001  26 [0.020000, 0.030000]
 iISF        0.002       0.000       0.000       0.000  26 [0.020000, 0.030000]
-------------------------------------------------------------------------
>> STATS for tests_out/iu59_test.bin
 #polynomials = 100    deg = 31    X = [0.020000 , 0.030000]
>> [DISTANCE]
Form         max          min         mean       median  deg         X
-------------------------------------------------------------------------
 iHF         2.916       0.000       0.301       0.025  31 [0.020000, 0.030000]
 iHFBZ       2.916       0.000       0.301       0.025  31 [0.020000, 0.030000]
 iMVF        1.009       0.003       0.151       0.087  31 [0.020000, 0.030000]
 iSF         0.497       0.000       0.073       0.041  31 [0.020000, 0.030000]
 iMVFBC      0.000       0.000       0.000       0.000  31 [0.020000, 0.030000]
 iTF         0.483       0.000       0.071       0.040  31 [0.020000, 0.030000]
 iTFBM       0.242       0.000       0.035       0.020  31 [0.020000, 0.030000]
 iBF         0.000       0.000       0.000       0.000  31 [0.020000, 0.030000]
 iBFBZ       0.000       0.000       0.000       0.000  31 [0.020000, 0.030000]
 iIF         0.010       0.000       0.001       0.001  31 [0.020000, 0.030000]
 iIF2        0.010       0.000       0.001       0.001  31 [0.020000, 0.030000]
 iISF        0.004       0.000       0.000       0.000  31 [0.020000, 0.030000]
-------------------------------------------------------------------------
